1: [6, 10, 17, 19, 27, 37]
2: [6, 10, 17, 19, 27, 40]
3: [6, 10, 17, 19, 27, 43]
4: [6, 10, 17, 19, 27, 48, 49, 37]
5: [6, 10, 17, 19, 27, 48, 49, 40]
6: [6, 10, 27, 37]
7: [6, 10, 27, 40]
8: [6, 10, 27, 43]
9: [6, 10, 27, 48, 49, 37]
10: [6, 10, 27, 48, 49, 40]
11: [6, 10, 27, 48, 49, 43]
12: [6, 37]
13: [6, 40]
14: [6, 43]
15: [6, 48, 49, 37]
16: [6, 48, 49, 40]
17: [6, 48, 49, 43]
18: [38, 10, 17, 19, 27, 37]
19: [38, 10, 17, 19, 27, 40]
20: [38, 10, 17, 19, 27, 43]
21: [38, 10, 17, 19, 27, 48, 49, 37]
22: [38, 10, 17, 19, 27, 48, 49, 40]
23: [38, 10, 27, 37]
24: [38, 10, 27, 40]
25: [38, 10, 27, 43]
26: [38, 10, 27, 48, 49, 37]
27: [38, 10, 27, 48, 49, 40]
28: [38, 10, 27, 48, 49, 43]
29: [38, 37]
30: [38, 40]
31: [38, 43]
32: [38, 48, 49, 37]
33: [38, 48, 49, 40]
34: [38, 48, 49, 43]
35: [42, 10, 17, 19, 27, 37]
36: [42, 10, 17, 19, 27, 40]
37: [42, 10, 17, 19, 27, 43]
38: [42, 10, 17, 19, 27, 48, 49, 37]
39: [42, 10, 17, 19, 27, 48, 49, 40]
40: [42, 10, 27, 37]
41: [42, 10, 27, 40]
42: [42, 10, 27, 43]
43: [42, 10, 27, 48, 49, 37]
44: [42, 10, 27, 48, 49, 40]
45: [42, 10, 27, 48, 49, 43]
46: [42, 37]
47: [42, 40]
48: [42, 43]
49: [42, 48, 49, 37]
50: [42, 48, 49, 40]
51: [42, 48, 49, 43]
