1: [5, 9, 8, 12, 17, 19, 27, 36]
2: [5, 9, 8, 12, 17, 19, 27, 37]
3: [5, 9, 8, 12, 17, 19, 27, 43]
4: [5, 9, 8, 12, 17, 19, 27, 54, 55]
5: [5, 9, 8, 12, 17, 19, 27, 56]
6: [5, 9, 8, 12, 18, 36]
7: [5, 9, 8, 12, 18, 37]
8: [5, 9, 8, 12, 18, 43]
9: [5, 9, 8, 12, 18, 54, 55, 37]
10: [5, 9, 8, 12, 18, 56, 55]
11: [5, 9, 8, 12, 27, 36]
12: [5, 9, 8, 12, 27, 37]
13: [5, 9, 8, 12, 27, 43]
14: [5, 9, 8, 12, 27, 54, 55]
15: [5, 9, 8, 12, 27, 56]
16: [5, 9, 8, 19, 27, 36]
17: [5, 9, 8, 19, 27, 37]
18: [5, 9, 8, 19, 27, 43]
19: [5, 9, 8, 19, 27, 54, 55, 37]
20: [5, 9, 8, 19, 27, 56, 55]
21: [5, 9, 17, 19, 27, 36]
22: [5, 9, 17, 19, 27, 37]
23: [5, 9, 17, 19, 27, 43]
24: [5, 9, 17, 19, 27, 54, 55, 37]
25: [5, 9, 17, 19, 27, 56, 55]
26: [5, 9, 18, 36]
27: [5, 9, 18, 37]
28: [5, 9, 18, 43]
29: [5, 9, 18, 54, 55, 37]
30: [5, 9, 18, 54, 55, 43]
31: [5, 9, 18, 56, 55, 37]
32: [5, 9, 18, 56, 57]
33: [5, 9, 27, 36]
34: [5, 9, 27, 37]
35: [5, 9, 27, 43]
36: [5, 9, 27, 54, 55, 37]
37: [5, 9, 27, 56, 55]
38: [5, 10, 8, 12, 17, 19, 27, 36]
39: [5, 10, 8, 12, 17, 19, 27, 37]
40: [5, 10, 8, 12, 17, 19, 27, 43]
41: [5, 10, 8, 12, 17, 19, 27, 54, 55]
42: [5, 10, 8, 12, 17, 19, 27, 56]
43: [5, 10, 8, 12, 18, 36]
44: [5, 10, 8, 12, 18, 37]
45: [5, 10, 8, 12, 18, 43]
46: [5, 10, 8, 12, 18, 54, 55, 37]
47: [5, 10, 8, 12, 18, 56, 55]
48: [5, 10, 8, 12, 27, 36]
49: [5, 10, 8, 12, 27, 37]
50: [5, 10, 8, 12, 27, 43]
51: [5, 10, 8, 12, 27, 54, 55]
52: [5, 10, 8, 12, 27, 56]
53: [5, 10, 8, 19, 27, 36]
54: [5, 10, 8, 19, 27, 37]
55: [5, 10, 8, 19, 27, 43]
56: [5, 10, 8, 19, 27, 54, 55, 37]
57: [5, 10, 8, 19, 27, 56, 55]
58: [5, 10, 17, 19, 27, 36]
59: [5, 10, 17, 19, 27, 37]
60: [5, 10, 17, 19, 27, 43]
61: [5, 10, 17, 19, 27, 54, 55, 37]
62: [5, 10, 17, 19, 27, 56, 55]
63: [5, 10, 18, 36]
64: [5, 10, 18, 37]
65: [5, 10, 18, 43]
66: [5, 10, 18, 54, 55, 37]
67: [5, 10, 18, 54, 55, 43]
68: [5, 10, 18, 56, 55, 37]
69: [5, 10, 18, 56, 57]
70: [5, 10, 27, 36]
71: [5, 10, 27, 37]
72: [5, 10, 27, 43]
73: [5, 10, 27, 54, 55, 37]
74: [5, 10, 27, 56, 55]
75: [5, 36]
76: [5, 37]
77: [5, 43]
78: [5, 54, 55, 37]
79: [5, 54, 55, 43]
80: [5, 56, 55, 37]
81: [5, 56, 55, 43]
82: [5, 56, 57, 36]
83: [5, 56, 57, 37]
84: [5, 56, 57, 43]
85: [5, 56, 57, 54, 55, 37]
86: [5, 56, 57, 54, 55, 43]
87: [6, 10, 8, 12, 17, 19, 27, 36]
88: [6, 10, 8, 12, 17, 19, 27, 37]
89: [6, 10, 8, 12, 17, 19, 27, 43]
90: [6, 10, 8, 12, 17, 19, 27, 54, 55]
91: [6, 10, 8, 12, 17, 19, 27, 56]
92: [6, 10, 8, 12, 18, 36]
93: [6, 10, 8, 12, 18, 37]
94: [6, 10, 8, 12, 18, 43]
95: [6, 10, 8, 12, 18, 54, 55, 37]
96: [6, 10, 8, 12, 18, 56, 55]
97: [6, 10, 8, 12, 27, 36]
98: [6, 10, 8, 12, 27, 37]
99: [6, 10, 8, 12, 27, 43]
100: [6, 10, 8, 12, 27, 54, 55]
101: [6, 10, 8, 12, 27, 56]
102: [6, 10, 8, 19, 27, 36]
103: [6, 10, 8, 19, 27, 37]
104: [6, 10, 8, 19, 27, 43]
105: [6, 10, 8, 19, 27, 54, 55, 37]
106: [6, 10, 8, 19, 27, 56, 55]
107: [6, 10, 17, 19, 27, 36]
108: [6, 10, 17, 19, 27, 37]
109: [6, 10, 17, 19, 27, 43]
110: [6, 10, 17, 19, 27, 54, 55, 37]
111: [6, 10, 17, 19, 27, 56, 55]
112: [6, 10, 18, 36]
113: [6, 10, 18, 37]
114: [6, 10, 18, 43]
115: [6, 10, 18, 54, 55, 37]
116: [6, 10, 18, 54, 55, 43]
117: [6, 10, 18, 56, 55, 37]
118: [6, 10, 18, 56, 57]
119: [6, 10, 27, 36]
120: [6, 10, 27, 37]
121: [6, 10, 27, 43]
122: [6, 10, 27, 54, 55, 37]
123: [6, 10, 27, 56, 55]
124: [6, 36]
125: [6, 37]
126: [6, 43]
127: [6, 54, 55, 37]
128: [6, 54, 55, 43]
129: [6, 56, 55, 37]
130: [6, 56, 55, 43]
131: [6, 56, 57, 36]
132: [6, 56, 57, 37]
133: [6, 56, 57, 43]
134: [6, 56, 57, 54, 55, 37]
135: [6, 56, 57, 54, 55, 43]
136: [42, 10, 8, 12, 17, 19, 27, 36]
137: [42, 10, 8, 12, 17, 19, 27, 37]
138: [42, 10, 8, 12, 17, 19, 27, 43]
139: [42, 10, 8, 12, 17, 19, 27, 54, 55]
140: [42, 10, 8, 12, 17, 19, 27, 56]
141: [42, 10, 8, 12, 18, 36]
142: [42, 10, 8, 12, 18, 37]
143: [42, 10, 8, 12, 18, 43]
144: [42, 10, 8, 12, 18, 54, 55, 37]
145: [42, 10, 8, 12, 18, 56, 55]
146: [42, 10, 8, 12, 27, 36]
147: [42, 10, 8, 12, 27, 37]
148: [42, 10, 8, 12, 27, 43]
149: [42, 10, 8, 12, 27, 54, 55]
150: [42, 10, 8, 12, 27, 56]
151: [42, 10, 8, 19, 27, 36]
152: [42, 10, 8, 19, 27, 37]
153: [42, 10, 8, 19, 27, 43]
154: [42, 10, 8, 19, 27, 54, 55, 37]
155: [42, 10, 8, 19, 27, 56, 55]
156: [42, 10, 17, 19, 27, 36]
157: [42, 10, 17, 19, 27, 37]
158: [42, 10, 17, 19, 27, 43]
159: [42, 10, 17, 19, 27, 54, 55, 37]
160: [42, 10, 17, 19, 27, 56, 55]
161: [42, 10, 18, 36]
162: [42, 10, 18, 37]
163: [42, 10, 18, 43]
164: [42, 10, 18, 54, 55, 37]
165: [42, 10, 18, 54, 55, 43]
166: [42, 10, 18, 56, 55, 37]
167: [42, 10, 18, 56, 57]
168: [42, 10, 27, 36]
169: [42, 10, 27, 37]
170: [42, 10, 27, 43]
171: [42, 10, 27, 54, 55, 37]
172: [42, 10, 27, 56, 55]
173: [42, 36]
174: [42, 37]
175: [42, 43]
176: [42, 54, 55, 37]
177: [42, 54, 55, 43]
178: [42, 56, 55, 37]
179: [42, 56, 55, 43]
180: [42, 56, 57, 36]
181: [42, 56, 57, 37]
182: [42, 56, 57, 43]
183: [42, 56, 57, 54, 55, 37]
184: [42, 56, 57, 54, 55, 43]
