[4, 9, 8, 12, 18, 35]
[4, 9, 8, 12, 18, 36]
[4, 9, 8, 12, 18, 43]
[4, 9, 8, 12, 18, 44, 45, 35]
[4, 9, 8, 12, 18, 44, 45, 36]
[4, 9, 8, 12, 18, 52, 53, 35]
[4, 9, 8, 12, 18, 52, 53, 43]
[4, 9, 17, 19, 27, 35]
[4, 9, 17, 19, 27, 36]
[4, 9, 17, 19, 27, 43]
[4, 9, 17, 19, 27, 52, 53, 35]
[4, 9, 17, 19, 27, 52, 53, 43]
[4, 9, 18, 35]
[4, 9, 18, 36]
[4, 9, 18, 43]
[4, 9, 18, 44, 45, 35]
[4, 9, 18, 44, 45, 36]
[4, 9, 18, 52, 53, 35]
[4, 9, 18, 52, 53, 43]
[4, 9, 27, 35]
[4, 9, 27, 36]
[4, 9, 27, 43]
[4, 9, 27, 52, 53, 35]
[4, 9, 27, 52, 53, 43]
[4, 10, 8, 12, 18, 35]
[4, 10, 8, 12, 18, 36]
[4, 10, 8, 12, 18, 43]
[4, 10, 8, 12, 18, 44, 45, 35]
[4, 10, 8, 12, 18, 44, 45, 36]
[4, 10, 8, 12, 18, 52, 53, 35]
[4, 10, 8, 12, 18, 52, 53, 43]
[4, 10, 17, 19, 27, 35]
[4, 10, 17, 19, 27, 36]
[4, 10, 17, 19, 27, 43]
[4, 10, 17, 19, 27, 52, 53, 35]
[4, 10, 17, 19, 27, 52, 53, 43]
[4, 10, 18, 35]
[4, 10, 18, 36]
[4, 10, 18, 43]
[4, 10, 18, 44, 45, 35]
[4, 10, 18, 44, 45, 36]
[4, 10, 18, 52, 53, 35]
[4, 10, 18, 52, 53, 43]
[4, 10, 27, 35]
[4, 10, 27, 36]
[4, 10, 27, 43]
[4, 10, 27, 52, 53, 35]
[4, 10, 27, 52, 53, 43]
[4, 35]
[4, 36]
[4, 43]
[4, 44, 45, 35]
[4, 44, 45, 36]
[4, 52, 53, 35]
[4, 52, 53, 43]
[5, 9, 8, 12, 18, 35]
[5, 9, 8, 12, 18, 36]
[5, 9, 8, 12, 18, 43]
[5, 9, 8, 12, 18, 44, 45, 35]
[5, 9, 8, 12, 18, 44, 45, 36]
[5, 9, 8, 12, 18, 52, 53, 35]
[5, 9, 8, 12, 18, 52, 53, 43]
[5, 9, 17, 19, 27, 35]
[5, 9, 17, 19, 27, 36]
[5, 9, 17, 19, 27, 43]
[5, 9, 17, 19, 27, 52, 53, 35]
[5, 9, 17, 19, 27, 52, 53, 43]
[5, 9, 18, 35]
[5, 9, 18, 36]
[5, 9, 18, 43]
[5, 9, 18, 44, 45, 35]
[5, 9, 18, 44, 45, 36]
[5, 9, 18, 52, 53, 35]
[5, 9, 18, 52, 53, 43]
[5, 9, 27, 35]
[5, 9, 27, 36]
[5, 9, 27, 43]
[5, 9, 27, 52, 53, 35]
[5, 9, 27, 52, 53, 43]
[5, 10, 8, 12, 18, 35]
[5, 10, 8, 12, 18, 36]
[5, 10, 8, 12, 18, 43]
[5, 10, 8, 12, 18, 44, 45, 35]
[5, 10, 8, 12, 18, 44, 45, 36]
[5, 10, 8, 12, 18, 52, 53, 35]
[5, 10, 8, 12, 18, 52, 53, 43]
[5, 10, 17, 19, 27, 35]
[5, 10, 17, 19, 27, 36]
[5, 10, 17, 19, 27, 43]
[5, 10, 17, 19, 27, 52, 53, 35]
[5, 10, 17, 19, 27, 52, 53, 43]
[5, 10, 18, 35]
[5, 10, 18, 36]
[5, 10, 18, 43]
[5, 10, 18, 44, 45, 35]
[5, 10, 18, 44, 45, 36]
[5, 10, 18, 52, 53, 35]
[5, 10, 18, 52, 53, 43]
[5, 10, 27, 35]
[5, 10, 27, 36]
[5, 10, 27, 43]
[5, 10, 27, 52, 53, 35]
[5, 10, 27, 52, 53, 43]
[5, 35]
[5, 36]
[5, 43]
[5, 44, 45, 35]
[5, 44, 45, 36]
[5, 52, 53, 35]
[5, 52, 53, 43]
