[0, 8, 12, 13, 9, 17, 19, 18, 10, 27, 33, 23]
[0, 8, 12, 13, 9, 17, 19, 18, 10, 27, 35]
[0, 8, 12, 13, 9, 17, 19, 18, 15, 23, 24]
[0, 8, 12, 13, 9, 17, 19, 18, 15, 34]
[0, 8, 12, 13, 9, 17, 19, 18, 33, 23]
[0, 8, 12, 13, 9, 17, 19, 18, 35]
[0, 8, 12, 13, 9, 17, 19, 21, 10, 18, 15]
[0, 8, 12, 13, 9, 17, 19, 21, 10, 27]
[0, 8, 12, 13, 9, 17, 19, 21, 15, 23]
[0, 8, 12, 13, 9, 17, 19, 21, 24]
[0, 8, 12, 13, 9, 17, 19, 27, 33, 23]
[0, 8, 12, 13, 9, 17, 19, 27, 35]
[0, 8, 12, 13, 9, 17, 22, 10, 18, 15, 23]
[0, 8, 12, 13, 9, 17, 22, 10, 18, 33]
[0, 8, 12, 13, 9, 17, 22, 10, 27, 33]
[0, 8, 12, 13, 9, 17, 22, 15, 23, 24]
[0, 8, 12, 13, 9, 17, 22, 15, 34]
[0, 8, 12, 13, 9, 17, 22, 24, 18]
[0, 8, 12, 13, 9, 17, 22, 28]
[0, 8, 12, 13, 9, 18, 10, 27, 33, 23, 24]
[0, 8, 12, 13, 9, 18, 10, 27, 33, 34]
[0, 8, 12, 13, 9, 18, 10, 27, 35]
[0, 8, 12, 13, 9, 18, 10, 27, 36]
[0, 8, 12, 13, 9, 18, 15, 23, 24, 17]
[0, 8, 12, 13, 9, 18, 15, 23, 28]
[0, 8, 12, 13, 9, 18, 15, 34, 10]
[0, 8, 12, 13, 9, 18, 33, 23, 24]
[0, 8, 12, 13, 9, 18, 33, 34]
[0, 8, 12, 13, 9, 18, 35]
[0, 8, 12, 13, 9, 18, 36]
[0, 8, 12, 13, 9, 27, 33, 23, 24, 17]
[0, 8, 12, 13, 9, 27, 33, 23, 28]
[0, 8, 12, 13, 9, 27, 33, 34, 10]
[0, 8, 12, 13, 9, 27, 35]
[0, 8, 12, 13, 9, 27, 36]
[0, 8, 12, 13, 9, 27, 37]
[0, 8, 12, 13, 10, 18, 15, 23, 9, 17, 19]
[0, 8, 12, 13, 10, 18, 15, 23, 9, 27]
[0, 8, 12, 13, 10, 18, 15, 23, 24, 17]
[0, 8, 12, 13, 10, 18, 15, 23, 28]
[0, 8, 12, 13, 10, 18, 15, 34, 43]
[0, 8, 12, 13, 10, 18, 33, 23, 9, 17]
[0, 8, 12, 13, 10, 18, 33, 23, 24]
[0, 8, 12, 13, 10, 18, 33, 34, 15]
[0, 8, 12, 13, 10, 18, 35]
[0, 8, 12, 13, 10, 18, 36]
[0, 8, 12, 13, 10, 18, 43]
[0, 8, 12, 13, 10, 27, 9, 17, 19, 18]
[0, 8, 12, 13, 10, 27, 9, 17, 22]
[0, 8, 12, 13, 10, 27, 9, 18, 15]
[0, 8, 12, 13, 10, 27, 33, 23, 9]
[0, 8, 12, 13, 10, 27, 33, 34]
[0, 8, 12, 13, 10, 27, 35]
[0, 8, 12, 13, 10, 27, 36]
[0, 8, 12, 13, 15, 23, 9, 17, 19, 18]
[0, 8, 12, 13, 15, 23, 9, 17, 22]
[0, 8, 12, 13, 15, 23, 9, 18, 10]
[0, 8, 12, 13, 15, 23, 9, 27]
[0, 8, 12, 13, 15, 23, 24, 17, 19]
[0, 8, 12, 13, 15, 23, 24, 18]
[0, 8, 12, 13, 15, 23, 28, 19]
[0, 8, 12, 13, 15, 23, 30]
[0, 8, 12, 13, 15, 34, 10, 18, 33]
[0, 8, 12, 13, 15, 34, 10, 27]
[0, 8, 12, 13, 15, 34, 43]
[0, 8, 12, 13, 24, 17, 19, 18, 10]
[0, 8, 12, 13, 24, 17, 19, 21]
[0, 8, 12, 13, 24, 17, 22, 9]
[0, 8, 12, 13, 24, 18, 10, 27]
[0, 8, 12, 13, 24, 18, 15]
[0, 8, 12, 13, 24, 25]
[0, 8, 12, 13, 24, 27]
[0, 8, 12, 13, 28, 19, 18, 10]
[0, 8, 12, 13, 28, 19, 21]
[0, 8, 12, 13, 28, 29]
[0, 8, 12, 13, 30, 17, 19]
[0, 8, 12, 13, 30, 18]
[0, 8, 12, 13, 31, 19]
[0, 8, 12, 13, 33]
[0, 8, 12, 17, 19, 18, 10, 27, 9]
[0, 8, 12, 17, 19, 18, 10, 27, 33, 23]
[0, 8, 12, 17, 19, 18, 10, 27, 35]
[0, 8, 12, 17, 19, 18, 15, 23, 9, 27]
[0, 8, 12, 17, 19, 18, 15, 23, 24]
[0, 8, 12, 17, 19, 18, 15, 34, 10]
[0, 8, 12, 17, 19, 18, 33, 23, 9]
[0, 8, 12, 17, 19, 18, 33, 34]
[0, 8, 12, 17, 19, 18, 35]
[0, 8, 12, 17, 19, 18, 36]
[0, 8, 12, 17, 19, 21, 9, 18, 10, 27]
[0, 8, 12, 17, 19, 21, 9, 18, 15]
[0, 8, 12, 17, 19, 21, 9, 27, 33]
[0, 8, 12, 17, 19, 21, 10, 18, 15]
[0, 8, 12, 17, 19, 21, 10, 27]
[0, 8, 12, 17, 19, 21, 15, 23]
[0, 8, 12, 17, 19, 21, 24]
[0, 8, 12, 17, 19, 27, 9, 18, 10]
[0, 8, 12, 17, 19, 27, 33, 23]
[0, 8, 12, 17, 19, 27, 35]
[0, 8, 12, 17, 22, 9, 18, 10, 27, 33]
[0, 8, 12, 17, 22, 9, 18, 15, 23]
[0, 8, 12, 17, 22, 9, 18, 33]
[0, 8, 12, 17, 22, 9, 27, 33, 23]
[0, 8, 12, 17, 22, 9, 27, 35]
[0, 8, 12, 17, 22, 10, 18, 15, 23]
[0, 8, 12, 17, 22, 10, 18, 33]
[0, 8, 12, 17, 22, 10, 27, 9]
[0, 8, 12, 17, 22, 15, 23, 9]
[0, 8, 12, 17, 22, 15, 34]
[0, 8, 12, 17, 22, 24, 18]
[0, 8, 12, 17, 22, 28]
[0, 8, 12, 18, 10, 27, 9, 17, 19, 21]
[0, 8, 12, 18, 10, 27, 9, 17, 22]
[0, 8, 12, 18, 10, 27, 33, 23, 9]
[0, 8, 12, 18, 10, 27, 33, 34]
[0, 8, 12, 18, 10, 27, 35]
[0, 8, 12, 18, 10, 27, 36]
[0, 8, 12, 18, 15, 23, 9, 17, 19]
[0, 8, 12, 18, 15, 23, 9, 27]
[0, 8, 12, 18, 15, 23, 24, 17]
[0, 8, 12, 18, 15, 23, 28]
[0, 8, 12, 18, 15, 34, 10, 27]
[0, 8, 12, 18, 15, 34, 43]
[0, 8, 12, 18, 33, 23, 9, 17]
[0, 8, 12, 18, 33, 23, 24]
[0, 8, 12, 18, 33, 34, 10]
[0, 8, 12, 18, 35]
[0, 8, 12, 18, 36]
[0, 8, 12, 18, 43]
[0, 8, 12, 25]
[0, 8, 12, 26]
[0, 8, 12, 27, 9, 17, 19]
[0, 8, 12, 27, 9, 18]
[0, 8, 12, 27, 33, 23]
[0, 8, 12, 27, 35]
[0, 8, 19, 18, 10, 27, 9, 17, 22, 15, 23]
[0, 8, 19, 18, 10, 27, 9, 17, 22, 24]
[0, 8, 19, 18, 10, 27, 33, 23, 9, 17]
[0, 8, 19, 18, 10, 27, 33, 23, 24]
[0, 8, 19, 18, 10, 27, 33, 34, 15]
[0, 8, 19, 18, 10, 27, 35]
[0, 8, 19, 18, 10, 27, 36]
[0, 8, 19, 18, 10, 27, 37]
[0, 8, 19, 18, 15, 23, 9, 17, 22, 10]
[0, 8, 19, 18, 15, 23, 9, 27, 33]
[0, 8, 19, 18, 15, 23, 24, 17, 22]
[0, 8, 19, 18, 15, 23, 24, 25]
[0, 8, 19, 18, 15, 23, 28, 12]
[0, 8, 19, 18, 15, 23, 30]
[0, 8, 19, 18, 15, 34, 10, 27, 9]
[0, 8, 19, 18, 15, 34, 43]
[0, 8, 19, 18, 33, 23, 9, 17, 22]
[0, 8, 19, 18, 33, 23, 9, 27]
[0, 8, 19, 18, 33, 23, 24, 17]
[0, 8, 19, 18, 33, 23, 28]
[0, 8, 19, 18, 33, 34, 10, 27]
[0, 8, 19, 18, 33, 34, 15]
[0, 8, 19, 18, 35]
[0, 8, 19, 18, 36]
[0, 8, 19, 18, 43]
[0, 8, 19, 21, 9, 17, 22, 10, 18, 15]
[0, 8, 19, 21, 9, 17, 22, 10, 27]
[0, 8, 19, 21, 9, 17, 22, 15, 23]
[0, 8, 19, 21, 9, 17, 22, 24]
[0, 8, 19, 21, 9, 18, 10, 27, 33]
[0, 8, 19, 21, 9, 18, 15, 23]
[0, 8, 19, 21, 9, 18, 33]
[0, 8, 19, 21, 9, 27, 33, 23]
[0, 8, 19, 21, 9, 27, 35]
[0, 8, 19, 21, 10, 18, 15, 23, 9]
[0, 8, 19, 21, 10, 18, 15, 34]
[0, 8, 19, 21, 10, 18, 33, 23]
[0, 8, 19, 21, 10, 18, 35]
[0, 8, 19, 21, 10, 27, 9, 17]
[0, 8, 19, 21, 10, 27, 33]
[0, 8, 19, 21, 15, 23, 9, 17]
[0, 8, 19, 21, 15, 23, 24]
[0, 8, 19, 21, 15, 34, 10]
[0, 8, 19, 21, 24, 17, 22]
[0, 8, 19, 21, 24, 18]
[0, 8, 19, 21, 28, 12]
[0, 8, 19, 21, 30]
[0, 8, 19, 27, 9, 17, 22, 10, 18]
[0, 8, 19, 27, 9, 17, 22, 15]
[0, 8, 19, 27, 9, 18, 10]
[0, 8, 19, 27, 9, 18, 15]
[0, 8, 19, 27, 33, 23, 9, 17]
[0, 8, 19, 27, 33, 23, 24]
[0, 8, 19, 27, 33, 34, 10]
[0, 8, 19, 27, 35]
[0, 8, 19, 27, 36]
[0, 8, 19, 27, 37]
[0, 8, 32]
[0, 11, 12, 13, 9, 8, 19, 18, 10, 27, 33, 23]
[0, 11, 12, 13, 9, 8, 19, 18, 10, 27, 35]
[0, 11, 12, 13, 9, 8, 19, 18, 15, 23, 24]
[0, 11, 12, 13, 9, 8, 19, 18, 15, 34]
[0, 11, 12, 13, 9, 8, 19, 18, 33, 23]
[0, 11, 12, 13, 9, 8, 19, 18, 35]
[0, 11, 12, 13, 9, 8, 19, 21, 10, 18, 15]
[0, 11, 12, 13, 9, 8, 19, 21, 10, 27]
[0, 11, 12, 13, 9, 8, 19, 21, 15, 23]
[0, 11, 12, 13, 9, 8, 19, 21, 24]
[0, 11, 12, 13, 9, 8, 19, 27, 33, 23]
[0, 11, 12, 13, 9, 8, 19, 27, 35]
[0, 11, 12, 13, 9, 8, 32]
[0, 11, 12, 13, 9, 17, 19, 18, 10, 27, 33]
[0, 11, 12, 13, 9, 17, 19, 18, 15, 23]
[0, 11, 12, 13, 9, 17, 19, 18, 33]
[0, 11, 12, 13, 9, 17, 19, 21, 10, 18]
[0, 11, 12, 13, 9, 17, 19, 21, 15]
[0, 11, 12, 13, 9, 17, 19, 27, 33]
[0, 11, 12, 13, 9, 17, 22, 10, 18, 15]
[0, 11, 12, 13, 9, 17, 22, 10, 27]
[0, 11, 12, 13, 9, 17, 22, 15, 23]
[0, 11, 12, 13, 9, 17, 22, 24]
[0, 11, 12, 13, 9, 18, 10, 27, 33, 23]
[0, 11, 12, 13, 9, 18, 10, 27, 35]
[0, 11, 12, 13, 9, 18, 15, 23, 24]
[0, 11, 12, 13, 9, 18, 15, 34]
[0, 11, 12, 13, 9, 18, 33, 23]
[0, 11, 12, 13, 9, 18, 35]
[0, 11, 12, 13, 9, 27, 33, 23, 24]
[0, 11, 12, 13, 9, 27, 33, 34]
[0, 11, 12, 13, 9, 27, 35]
[0, 11, 12, 13, 9, 27, 36]
[0, 11, 12, 13, 10, 18, 15, 23, 9, 8, 19]
[0, 11, 12, 13, 10, 18, 15, 23, 9, 17]
[0, 11, 12, 13, 10, 18, 15, 23, 24, 8]
[0, 11, 12, 13, 10, 18, 15, 23, 28]
[0, 11, 12, 13, 10, 18, 15, 34, 43]
[0, 11, 12, 13, 10, 18, 33, 23, 9, 8]
[0, 11, 12, 13, 10, 18, 33, 23, 24]
[0, 11, 12, 13, 10, 18, 33, 34, 15]
[0, 11, 12, 13, 10, 18, 35]
[0, 11, 12, 13, 10, 18, 36]
[0, 11, 12, 13, 10, 18, 43]
[0, 11, 12, 13, 10, 27, 9, 8, 19, 18]
[0, 11, 12, 13, 10, 27, 9, 8, 32]
[0, 11, 12, 13, 10, 27, 9, 17, 19]
[0, 11, 12, 13, 10, 27, 9, 18]
[0, 11, 12, 13, 10, 27, 33, 23, 9]
[0, 11, 12, 13, 10, 27, 33, 34]
[0, 11, 12, 13, 10, 27, 35]
[0, 11, 12, 13, 10, 27, 36]
[0, 11, 12, 13, 15, 23, 9, 8, 19, 18]
[0, 11, 12, 13, 15, 23, 9, 8, 32]
[0, 11, 12, 13, 15, 23, 9, 17, 19]
[0, 11, 12, 13, 15, 23, 9, 18]
[0, 11, 12, 13, 15, 23, 24, 8, 19]
[0, 11, 12, 13, 15, 23, 24, 17]
[0, 11, 12, 13, 15, 23, 28, 19]
[0, 11, 12, 13, 15, 23, 30]
[0, 11, 12, 13, 15, 34, 10, 18, 33]
[0, 11, 12, 13, 15, 34, 10, 27]
[0, 11, 12, 13, 15, 34, 43]
[0, 11, 12, 13, 24, 8, 19, 18, 10]
[0, 11, 12, 13, 24, 8, 19, 21]
[0, 11, 12, 13, 24, 8, 32]
[0, 11, 12, 13, 24, 17, 19, 18]
[0, 11, 12, 13, 24, 17, 22]
[0, 11, 12, 13, 24, 18, 10]
[0, 11, 12, 13, 24, 25]
[0, 11, 12, 13, 28, 19, 18, 10]
[0, 11, 12, 13, 28, 19, 21]
[0, 11, 12, 13, 28, 29]
[0, 11, 12, 13, 30, 8, 19]
[0, 11, 12, 13, 30, 17]
[0, 11, 12, 13, 31, 19]
[0, 11, 12, 13, 33]
[0, 11, 12, 17, 19, 18, 10, 27, 9, 8, 32]
[0, 11, 12, 17, 19, 18, 10, 27, 33, 23]
[0, 11, 12, 17, 19, 18, 10, 27, 35]
[0, 11, 12, 17, 19, 18, 15, 23, 9, 8]
[0, 11, 12, 17, 19, 18, 15, 23, 24]
[0, 11, 12, 17, 19, 18, 15, 34, 10]
[0, 11, 12, 17, 19, 18, 33, 23, 9]
[0, 11, 12, 17, 19, 18, 33, 34]
[0, 11, 12, 17, 19, 18, 35]
[0, 11, 12, 17, 19, 18, 36]
[0, 11, 12, 17, 19, 21, 9, 8, 32]
[0, 11, 12, 17, 19, 21, 9, 18, 10]
[0, 11, 12, 17, 19, 21, 9, 27]
[0, 11, 12, 17, 19, 21, 10, 18, 15]
[0, 11, 12, 17, 19, 21, 10, 27]
[0, 11, 12, 17, 19, 21, 15, 23]
[0, 11, 12, 17, 19, 21, 24]
[0, 11, 12, 17, 19, 27, 9, 8, 32]
[0, 11, 12, 17, 19, 27, 9, 18]
[0, 11, 12, 17, 19, 27, 33, 23]
[0, 11, 12, 17, 19, 27, 35]
[0, 11, 12, 17, 22, 9, 8, 19, 18, 10]
[0, 11, 12, 17, 22, 9, 8, 19, 21]
[0, 11, 12, 17, 22, 9, 8, 32]
[0, 11, 12, 17, 22, 9, 18, 10, 27]
[0, 11, 12, 17, 22, 9, 18, 15]
[0, 11, 12, 17, 22, 9, 27, 33]
[0, 11, 12, 17, 22, 10, 18, 15, 23]
[0, 11, 12, 17, 22, 10, 18, 33]
[0, 11, 12, 17, 22, 10, 27, 9]
[0, 11, 12, 17, 22, 15, 23, 9]
[0, 11, 12, 17, 22, 15, 34]
[0, 11, 12, 17, 22, 24, 8]
[0, 11, 12, 17, 22, 28]
[0, 11, 12, 18, 10, 27, 9, 8, 19, 21]
[0, 11, 12, 18, 10, 27, 9, 8, 32]
[0, 11, 12, 18, 10, 27, 9, 17, 19]
[0, 11, 12, 18, 10, 27, 33, 23, 9]
[0, 11, 12, 18, 10, 27, 33, 34]
[0, 11, 12, 18, 10, 27, 35]
[0, 11, 12, 18, 10, 27, 36]
[0, 11, 12, 18, 15, 23, 9, 8, 19]
[0, 11, 12, 18, 15, 23, 9, 17]
[0, 11, 12, 18, 15, 23, 24, 8]
[0, 11, 12, 18, 15, 23, 28]
[0, 11, 12, 18, 15, 34, 10, 27]
[0, 11, 12, 18, 15, 34, 43]
[0, 11, 12, 18, 33, 23, 9, 8]
[0, 11, 12, 18, 33, 23, 24]
[0, 11, 12, 18, 33, 34, 10]
[0, 11, 12, 18, 35]
[0, 11, 12, 18, 36]
[0, 11, 12, 18, 43]
[0, 11, 12, 25]
[0, 11, 12, 26]
[0, 11, 12, 27, 9, 8, 19]
[0, 11, 12, 27, 9, 17]
[0, 11, 12, 27, 33, 23]
[0, 11, 12, 27, 35]
[0, 11, 14, 9, 8, 12, 13, 10, 18, 15, 23]
[0, 11, 14, 9, 8, 12, 13, 10, 18, 33]
[0, 11, 14, 9, 8, 12, 13, 10, 27, 33]
[0, 11, 14, 9, 8, 12, 13, 15, 23, 24]
[0, 11, 14, 9, 8, 12, 13, 15, 34]
[0, 11, 14, 9, 8, 12, 13, 24, 17]
[0, 11, 14, 9, 8, 12, 13, 28]
[0, 11, 14, 9, 8, 12, 17, 19, 18, 10]
[0, 11, 14, 9, 8, 12, 17, 19, 21]
[0, 11, 14, 9, 8, 12, 17, 22, 10]
[0, 11, 14, 9, 8, 12, 18, 10, 27]
[0, 11, 14, 9, 8, 12, 18, 15]
[0, 11, 14, 9, 8, 12, 25]
[0, 11, 14, 9, 8, 12, 26]
[0, 11, 14, 9, 8, 19, 18, 10, 27, 33]
[0, 11, 14, 9, 8, 19, 18, 15, 23]
[0, 11, 14, 9, 8, 19, 18, 33]
[0, 11, 14, 9, 8, 19, 21, 10, 18]
[0, 11, 14, 9, 8, 19, 21, 15]
[0, 11, 14, 9, 8, 19, 27, 33]
[0, 11, 14, 9, 8, 32]
[0, 11, 14, 9, 17, 19, 18, 10, 27, 33]
[0, 11, 14, 9, 17, 19, 18, 15, 23]
[0, 11, 14, 9, 17, 19, 18, 33]
[0, 11, 14, 9, 17, 19, 21, 10, 18]
[0, 11, 14, 9, 17, 19, 21, 15]
[0, 11, 14, 9, 17, 19, 27, 33]
[0, 11, 14, 9, 17, 22, 10, 18, 15]
[0, 11, 14, 9, 17, 22, 10, 27]
[0, 11, 14, 9, 17, 22, 15, 23]
[0, 11, 14, 9, 17, 22, 24]
[0, 11, 14, 9, 18, 10, 27, 33, 23]
[0, 11, 14, 9, 18, 10, 27, 35]
[0, 11, 14, 9, 18, 15, 23, 24]
[0, 11, 14, 9, 18, 15, 34]
[0, 11, 14, 9, 18, 33, 23]
[0, 11, 14, 9, 18, 35]
[0, 11, 14, 9, 27, 33, 23, 24]
[0, 11, 14, 9, 27, 33, 34]
[0, 11, 14, 9, 27, 35]
[0, 11, 14, 9, 27, 36]
[0, 11, 14, 10, 18, 15, 23, 9, 8, 12]
[0, 11, 14, 10, 18, 15, 23, 9, 17]
[0, 11, 14, 10, 18, 15, 23, 24, 8]
[0, 11, 14, 10, 18, 15, 23, 28]
[0, 11, 14, 10, 18, 15, 34, 43]
[0, 11, 14, 10, 18, 33, 23, 9, 8]
[0, 11, 14, 10, 18, 33, 23, 24]
[0, 11, 14, 10, 18, 33, 34, 15]
[0, 11, 14, 10, 18, 35]
[0, 11, 14, 10, 18, 36]
[0, 11, 14, 10, 18, 43]
[0, 11, 14, 10, 27, 9, 8, 12, 13]
[0, 11, 14, 10, 27, 9, 8, 19]
[0, 11, 14, 10, 27, 9, 17, 19]
[0, 11, 14, 10, 27, 9, 18]
[0, 11, 14, 10, 27, 33, 23, 9]
[0, 11, 14, 10, 27, 33, 34]
[0, 11, 14, 10, 27, 35]
[0, 11, 14, 10, 27, 36]
[0, 11, 14, 15, 23, 9, 8, 12, 13]
[0, 11, 14, 15, 23, 9, 8, 19]
[0, 11, 14, 15, 23, 9, 17, 19]
[0, 11, 14, 15, 23, 9, 18]
[0, 11, 14, 15, 23, 24, 8, 12]
[0, 11, 14, 15, 23, 24, 17]
[0, 11, 14, 15, 23, 28, 12]
[0, 11, 14, 15, 23, 30]
[0, 11, 14, 15, 34, 10, 18, 33]
[0, 11, 14, 15, 34, 10, 27]
[0, 11, 14, 15, 34, 43]
[0, 11, 14, 24, 8, 12, 13, 9]
[0, 11, 14, 24, 8, 12, 17]
[0, 11, 14, 24, 8, 19, 18]
[0, 11, 14, 24, 8, 32]
[0, 11, 14, 24, 17, 19, 18]
[0, 11, 14, 24, 17, 22]
[0, 11, 14, 24, 18, 10]
[0, 11, 14, 24, 25]
[0, 11, 14, 28, 12, 13, 9]
[0, 11, 14, 28, 12, 17]
[0, 11, 14, 28, 19, 18]
[0, 11, 14, 28, 29]
[0, 11, 14, 30, 8, 12]
[0, 11, 14, 30, 17]
[0, 11, 14, 31, 12]
[0, 11, 14, 33]
[0, 11, 19, 18, 10, 27, 9, 8, 12, 13]
[0, 11, 19, 18, 10, 27, 9, 8, 32]
[0, 11, 19, 18, 10, 27, 9, 17, 22]
[0, 11, 19, 18, 10, 27, 33, 23, 9]
[0, 11, 19, 18, 10, 27, 33, 34]
[0, 11, 19, 18, 10, 27, 35]
[0, 11, 19, 18, 10, 27, 36]
[0, 11, 19, 18, 15, 23, 9, 8, 12]
[0, 11, 19, 18, 15, 23, 9, 17]
[0, 11, 19, 18, 15, 23, 24, 8]
[0, 11, 19, 18, 15, 23, 28]
[0, 11, 19, 18, 15, 34, 10, 27]
[0, 11, 19, 18, 15, 34, 43]
[0, 11, 19, 18, 33, 23, 9, 8]
[0, 11, 19, 18, 33, 23, 24]
[0, 11, 19, 18, 33, 34, 10]
[0, 11, 19, 18, 35]
[0, 11, 19, 18, 36]
[0, 11, 19, 18, 43]
[0, 11, 19, 21, 9, 8, 12, 13, 10]
[0, 11, 19, 21, 9, 8, 12, 17]
[0, 11, 19, 21, 9, 8, 32]
[0, 11, 19, 21, 9, 17, 22, 10]
[0, 11, 19, 21, 9, 18, 10]
[0, 11, 19, 21, 9, 27]
[0, 11, 19, 21, 10, 18, 15, 23]
[0, 11, 19, 21, 10, 18, 33]
[0, 11, 19, 21, 10, 27, 9]
[0, 11, 19, 21, 15, 23, 9]
[0, 11, 19, 21, 15, 34]
[0, 11, 19, 21, 24, 8]
[0, 11, 19, 21, 28]
[0, 11, 19, 27, 9, 8, 12, 13]
[0, 11, 19, 27, 9, 8, 32]
[0, 11, 19, 27, 9, 17, 22]
[0, 11, 19, 27, 9, 18]
[0, 11, 19, 27, 33, 23, 9]
[0, 11, 19, 27, 33, 34]
[0, 11, 19, 27, 35]
[0, 11, 19, 27, 36]
[0, 11, 29]
[0, 11, 32]
[0, 13, 9, 8, 12, 17, 19, 18, 10, 27, 33, 23]
[0, 13, 9, 8, 12, 17, 19, 18, 10, 27, 35]
[0, 13, 9, 8, 12, 17, 19, 18, 15, 23, 24]
[0, 13, 9, 8, 12, 17, 19, 18, 15, 34]
[0, 13, 9, 8, 12, 17, 19, 18, 33, 23]
[0, 13, 9, 8, 12, 17, 19, 18, 35]
[0, 13, 9, 8, 12, 17, 19, 21, 10, 18, 15]
[0, 13, 9, 8, 12, 17, 19, 21, 10, 27]
[0, 13, 9, 8, 12, 17, 19, 21, 15, 23]
[0, 13, 9, 8, 12, 17, 19, 21, 24]
[0, 13, 9, 8, 12, 17, 19, 27, 33, 23]
[0, 13, 9, 8, 12, 17, 19, 27, 35]
[0, 13, 9, 8, 12, 17, 22, 10, 18, 15, 23]
[0, 13, 9, 8, 12, 17, 22, 10, 18, 33]
[0, 13, 9, 8, 12, 17, 22, 10, 27, 33]
[0, 13, 9, 8, 12, 17, 22, 15, 23, 24]
[0, 13, 9, 8, 12, 17, 22, 15, 34]
[0, 13, 9, 8, 12, 17, 22, 24, 18]
[0, 13, 9, 8, 12, 17, 22, 28]
[0, 13, 9, 8, 12, 18, 10, 27, 33, 23, 24]
[0, 13, 9, 8, 12, 18, 10, 27, 33, 34]
[0, 13, 9, 8, 12, 18, 10, 27, 35]
[0, 13, 9, 8, 12, 18, 10, 27, 36]
[0, 13, 9, 8, 12, 18, 15, 23, 24, 17]
[0, 13, 9, 8, 12, 18, 15, 23, 28]
[0, 13, 9, 8, 12, 18, 15, 34, 10]
[0, 13, 9, 8, 12, 18, 33, 23, 24]
[0, 13, 9, 8, 12, 18, 33, 34]
[0, 13, 9, 8, 12, 18, 35]
[0, 13, 9, 8, 12, 18, 36]
[0, 13, 9, 8, 12, 25]
[0, 13, 9, 8, 12, 26]
[0, 13, 9, 8, 12, 27, 33, 23]
[0, 13, 9, 8, 12, 27, 35]
[0, 13, 9, 8, 19, 18, 10, 27, 33, 23, 24]
[0, 13, 9, 8, 19, 18, 10, 27, 33, 34]
[0, 13, 9, 8, 19, 18, 10, 27, 35]
[0, 13, 9, 8, 19, 18, 10, 27, 36]
[0, 13, 9, 8, 19, 18, 15, 23, 24, 17]
[0, 13, 9, 8, 19, 18, 15, 23, 28]
[0, 13, 9, 8, 19, 18, 15, 34, 10]
[0, 13, 9, 8, 19, 18, 33, 23, 24]
[0, 13, 9, 8, 19, 18, 33, 34]
[0, 13, 9, 8, 19, 18, 35]
[0, 13, 9, 8, 19, 18, 36]
[0, 13, 9, 8, 19, 21, 10, 18, 15, 23]
[0, 13, 9, 8, 19, 21, 10, 18, 33]
[0, 13, 9, 8, 19, 21, 10, 27, 33]
[0, 13, 9, 8, 19, 21, 15, 23, 24]
[0, 13, 9, 8, 19, 21, 15, 34]
[0, 13, 9, 8, 19, 21, 24, 17]
[0, 13, 9, 8, 19, 21, 28]
[0, 13, 9, 8, 19, 27, 33, 23, 24]
[0, 13, 9, 8, 19, 27, 33, 34]
[0, 13, 9, 8, 19, 27, 35]
[0, 13, 9, 8, 19, 27, 36]
[0, 13, 9, 8, 32]
[0, 13, 9, 17, 19, 18, 10, 27, 33, 23, 24]
[0, 13, 9, 17, 19, 18, 10, 27, 33, 34]
[0, 13, 9, 17, 19, 18, 10, 27, 35]
[0, 13, 9, 17, 19, 18, 10, 27, 36]
[0, 13, 9, 17, 19, 18, 15, 23, 24, 8]
[0, 13, 9, 17, 19, 18, 15, 23, 28]
[0, 13, 9, 17, 19, 18, 15, 34, 10]
[0, 13, 9, 17, 19, 18, 33, 23, 24]
[0, 13, 9, 17, 19, 18, 33, 34]
[0, 13, 9, 17, 19, 18, 35]
[0, 13, 9, 17, 19, 18, 36]
[0, 13, 9, 17, 19, 21, 10, 18, 15, 23]
[0, 13, 9, 17, 19, 21, 10, 18, 33]
[0, 13, 9, 17, 19, 21, 10, 27, 33]
[0, 13, 9, 17, 19, 21, 15, 23, 24]
[0, 13, 9, 17, 19, 21, 15, 34]
[0, 13, 9, 17, 19, 21, 24, 8]
[0, 13, 9, 17, 19, 21, 28]
[0, 13, 9, 17, 19, 27, 33, 23, 24]
[0, 13, 9, 17, 19, 27, 33, 34]
[0, 13, 9, 17, 19, 27, 35]
[0, 13, 9, 17, 19, 27, 36]
[0, 13, 9, 17, 22, 10, 18, 15, 23, 24]
[0, 13, 9, 17, 22, 10, 18, 15, 34]
[0, 13, 9, 17, 22, 10, 18, 33, 23]
[0, 13, 9, 17, 22, 10, 18, 35]
[0, 13, 9, 17, 22, 10, 27, 33, 23]
[0, 13, 9, 17, 22, 10, 27, 35]
[0, 13, 9, 17, 22, 15, 23, 24, 8]
[0, 13, 9, 17, 22, 15, 23, 28]
[0, 13, 9, 17, 22, 15, 34, 10]
[0, 13, 9, 17, 22, 24, 8, 12]
[0, 13, 9, 17, 22, 24, 18]
[0, 13, 9, 17, 22, 28, 12]
[0, 13, 9, 17, 22, 30]
[0, 13, 9, 18, 10, 27, 33, 23, 24, 8]
[0, 13, 9, 18, 10, 27, 33, 23, 28]
[0, 13, 9, 18, 10, 27, 33, 34, 15]
[0, 13, 9, 18, 10, 27, 35]
[0, 13, 9, 18, 10, 27, 36]
[0, 13, 9, 18, 10, 27, 37]
[0, 13, 9, 18, 15, 23, 24, 8, 12]
[0, 13, 9, 18, 15, 23, 24, 17]
[0, 13, 9, 18, 15, 23, 28, 12]
[0, 13, 9, 18, 15, 23, 30]
[0, 13, 9, 18, 15, 34, 10, 27]
[0, 13, 9, 18, 15, 34, 43]
[0, 13, 9, 18, 33, 23, 24, 8]
[0, 13, 9, 18, 33, 23, 28]
[0, 13, 9, 18, 33, 34, 10]
[0, 13, 9, 18, 35]
[0, 13, 9, 18, 36]
[0, 13, 9, 18, 43]
[0, 13, 9, 27, 33, 23, 24, 8, 12]
[0, 13, 9, 27, 33, 23, 24, 17]
[0, 13, 9, 27, 33, 23, 28, 12]
[0, 13, 9, 27, 33, 23, 30]
[0, 13, 9, 27, 33, 34, 10, 18]
[0, 13, 9, 27, 33, 34, 15]
[0, 13, 9, 27, 35]
[0, 13, 9, 27, 36]
[0, 13, 9, 27, 37]
[0, 13, 9, 27, 40]
[0, 13, 10, 18, 15, 23, 9, 8, 12, 17, 19]
[0, 13, 10, 18, 15, 23, 9, 8, 12, 25]
[0, 13, 10, 18, 15, 23, 9, 8, 19, 21]
[0, 13, 10, 18, 15, 23, 9, 8, 32]
[0, 13, 10, 18, 15, 23, 9, 17, 19, 21]
[0, 13, 10, 18, 15, 23, 9, 17, 22]
[0, 13, 10, 18, 15, 23, 9, 27, 33]
[0, 13, 10, 18, 15, 23, 24, 8, 12, 17]
[0, 13, 10, 18, 15, 23, 24, 8, 19]
[0, 13, 10, 18, 15, 23, 24, 17, 19]
[0, 13, 10, 18, 15, 23, 24, 25]
[0, 13, 10, 18, 15, 23, 28, 12, 17]
[0, 13, 10, 18, 15, 23, 28, 19]
[0, 13, 10, 18, 15, 23, 30, 8]
[0, 13, 10, 18, 15, 23, 31]
[0, 13, 10, 18, 15, 34, 43]
[0, 13, 10, 18, 33, 23, 9, 8, 12, 17]
[0, 13, 10, 18, 33, 23, 9, 8, 19]
[0, 13, 10, 18, 33, 23, 9, 17, 19]
[0, 13, 10, 18, 33, 23, 9, 27]
[0, 13, 10, 18, 33, 23, 24, 8, 12]
[0, 13, 10, 18, 33, 23, 24, 17]
[0, 13, 10, 18, 33, 23, 28, 12]
[0, 13, 10, 18, 33, 23, 30]
[0, 13, 10, 18, 33, 34, 15, 23, 9]
[0, 13, 10, 18, 33, 34, 43]
[0, 13, 10, 18, 35]
[0, 13, 10, 18, 36]
[0, 13, 10, 18, 43]
[0, 13, 10, 27, 9, 8, 12, 17, 19, 18]
[0, 13, 10, 27, 9, 8, 12, 17, 22]
[0, 13, 10, 27, 9, 8, 12, 18, 15]
[0, 13, 10, 27, 9, 8, 12, 25]
[0, 13, 10, 27, 9, 8, 19, 18, 15]
[0, 13, 10, 27, 9, 8, 19, 21]
[0, 13, 10, 27, 9, 8, 32]
[0, 13, 10, 27, 9, 17, 19, 18, 15]
[0, 13, 10, 27, 9, 17, 19, 21]
[0, 13, 10, 27, 9, 17, 22, 15]
[0, 13, 10, 27, 9, 18, 15, 23]
[0, 13, 10, 27, 9, 18, 33]
[0, 13, 10, 27, 33, 23, 9, 8, 12]
[0, 13, 10, 27, 33, 23, 9, 17]
[0, 13, 10, 27, 33, 23, 24, 8]
[0, 13, 10, 27, 33, 23, 28]
[0, 13, 10, 27, 33, 34, 15, 23]
[0, 13, 10, 27, 33, 34, 43]
[0, 13, 10, 27, 35]
[0, 13, 10, 27, 36]
[0, 13, 10, 27, 37]
[0, 13, 10, 27, 40]
[0, 13, 15, 23, 9, 8, 12, 17, 19, 18]
[0, 13, 15, 23, 9, 8, 12, 17, 22]
[0, 13, 15, 23, 9, 8, 12, 18, 10]
[0, 13, 15, 23, 9, 8, 12, 25]
[0, 13, 15, 23, 9, 8, 19, 18, 10]
[0, 13, 15, 23, 9, 8, 19, 21]
[0, 13, 15, 23, 9, 8, 32]
[0, 13, 15, 23, 9, 17, 19, 18, 10]
[0, 13, 15, 23, 9, 17, 19, 21]
[0, 13, 15, 23, 9, 17, 22, 10]
[0, 13, 15, 23, 9, 18, 10, 27]
[0, 13, 15, 23, 9, 18, 33]
[0, 13, 15, 23, 9, 27, 33]
[0, 13, 15, 23, 24, 8, 12, 17, 19]
[0, 13, 15, 23, 24, 8, 12, 18]
[0, 13, 15, 23, 24, 8, 19, 18]
[0, 13, 15, 23, 24, 8, 32]
[0, 13, 15, 23, 24, 17, 19, 18]
[0, 13, 15, 23, 24, 17, 22]
[0, 13, 15, 23, 24, 18, 10]
[0, 13, 15, 23, 24, 25]
[0, 13, 15, 23, 28, 12, 17, 19]
[0, 13, 15, 23, 28, 12, 18]
[0, 13, 15, 23, 28, 19, 18]
[0, 13, 15, 23, 28, 29]
[0, 13, 15, 23, 30, 8, 12]
[0, 13, 15, 23, 30, 17]
[0, 13, 15, 23, 31, 12]
[0, 13, 15, 23, 33]
[0, 13, 15, 34, 10, 18, 33, 23, 9]
[0, 13, 15, 34, 10, 18, 35]
[0, 13, 15, 34, 10, 18, 36]
[0, 13, 15, 34, 10, 27, 9, 8]
[0, 13, 15, 34, 10, 27, 33]
[0, 13, 15, 34, 43]
[0, 13, 24, 8, 12, 17, 19, 18, 10]
[0, 13, 24, 8, 12, 17, 19, 21]
[0, 13, 24, 8, 12, 17, 22, 9]
[0, 13, 24, 8, 12, 18, 10, 27]
[0, 13, 24, 8, 12, 18, 15]
[0, 13, 24, 8, 12, 25]
[0, 13, 24, 8, 12, 26]
[0, 13, 24, 8, 19, 18, 10, 27]
[0, 13, 24, 8, 19, 18, 15]
[0, 13, 24, 8, 19, 21, 9]
[0, 13, 24, 8, 19, 27]
[0, 13, 24, 8, 32]
[0, 13, 24, 17, 19, 18, 10, 27]
[0, 13, 24, 17, 19, 18, 15]
[0, 13, 24, 17, 19, 21, 9]
[0, 13, 24, 17, 19, 27]
[0, 13, 24, 17, 22, 9, 8]
[0, 13, 24, 17, 22, 10]
[0, 13, 24, 18, 10, 27, 9]
[0, 13, 24, 18, 15, 23]
[0, 13, 24, 18, 33]
[0, 13, 24, 25]
[0, 13, 24, 27, 9]
[0, 13, 28, 12, 17, 19, 18, 10]
[0, 13, 28, 12, 17, 19, 21]
[0, 13, 28, 12, 17, 22, 9]
[0, 13, 28, 12, 18, 10, 27]
[0, 13, 28, 12, 18, 15]
[0, 13, 28, 12, 25]
[0, 13, 28, 12, 26]
[0, 13, 28, 19, 18, 10, 27]
[0, 13, 28, 19, 18, 15]
[0, 13, 28, 19, 21, 9]
[0, 13, 28, 19, 27]
[0, 13, 28, 29]
[0, 13, 30, 8, 12, 17, 19]
[0, 13, 30, 8, 12, 18]
[0, 13, 30, 8, 19, 18]
[0, 13, 30, 8, 32]
[0, 13, 30, 17, 19, 18]
[0, 13, 30, 17, 22]
[0, 13, 30, 18, 10]
[0, 13, 30, 25]
[0, 13, 31, 12, 17, 19]
[0, 13, 31, 12, 18]
[0, 13, 31, 19, 18]
[0, 13, 31, 32]
[0, 13, 33, 23, 9]
[0, 13, 33, 34]
[0, 13, 35]
[0, 13, 36]
[0, 17, 19, 18, 10, 27, 9, 8, 12, 13, 15, 23]
[0, 17, 19, 18, 10, 27, 9, 8, 12, 13, 24]
[0, 17, 19, 18, 10, 27, 9, 8, 12, 25]
[0, 17, 19, 18, 10, 27, 9, 8, 12, 26]
[0, 17, 19, 18, 10, 27, 9, 8, 32]
[0, 17, 19, 18, 10, 27, 33, 23, 9, 8, 12]
[0, 17, 19, 18, 10, 27, 33, 23, 24, 8]
[0, 17, 19, 18, 10, 27, 33, 23, 28]
[0, 17, 19, 18, 10, 27, 33, 34, 15, 23]
[0, 17, 19, 18, 10, 27, 33, 34, 43]
[0, 17, 19, 18, 10, 27, 35]
[0, 17, 19, 18, 10, 27, 36]
[0, 17, 19, 18, 10, 27, 37]
[0, 17, 19, 18, 10, 27, 40]
[0, 17, 19, 18, 15, 23, 9, 8, 12, 13, 10]
[0, 17, 19, 18, 15, 23, 9, 8, 12, 25]
[0, 17, 19, 18, 15, 23, 9, 8, 32]
[0, 17, 19, 18, 15, 23, 9, 27, 33, 34]
[0, 17, 19, 18, 15, 23, 9, 27, 35]
[0, 17, 19, 18, 15, 23, 24, 8, 12, 13]
[0, 17, 19, 18, 15, 23, 24, 8, 32]
[0, 17, 19, 18, 15, 23, 24, 25]
[0, 17, 19, 18, 15, 23, 24, 27]
[0, 17, 19, 18, 15, 23, 28, 12, 13]
[0, 17, 19, 18, 15, 23, 28, 29]
[0, 17, 19, 18, 15, 23, 30, 8]
[0, 17, 19, 18, 15, 23, 31]
[0, 17, 19, 18, 15, 34, 10, 27, 9, 8]
[0, 17, 19, 18, 15, 34, 10, 27, 33]
[0, 17, 19, 18, 15, 34, 43]
[0, 17, 19, 18, 33, 23, 9, 8, 12, 13]
[0, 17, 19, 18, 33, 23, 9, 8, 32]
[0, 17, 19, 18, 33, 23, 9, 27, 35]
[0, 17, 19, 18, 33, 23, 24, 8, 12]
[0, 17, 19, 18, 33, 23, 24, 25]
[0, 17, 19, 18, 33, 23, 28, 12]
[0, 17, 19, 18, 33, 23, 30]
[0, 17, 19, 18, 33, 34, 10, 27, 9]
[0, 17, 19, 18, 33, 34, 15, 23]
[0, 17, 19, 18, 33, 34, 43]
[0, 17, 19, 18, 35]
[0, 17, 19, 18, 36]
[0, 17, 19, 18, 43]
[0, 17, 19, 21, 9, 8, 12, 13, 10, 18, 15]
[0, 17, 19, 21, 9, 8, 12, 13, 10, 27]
[0, 17, 19, 21, 9, 8, 12, 13, 15, 23]
[0, 17, 19, 21, 9, 8, 12, 13, 24]
[0, 17, 19, 21, 9, 8, 12, 18, 10, 27]
[0, 17, 19, 21, 9, 8, 12, 18, 15]
[0, 17, 19, 21, 9, 8, 12, 25]
[0, 17, 19, 21, 9, 8, 12, 26]
[0, 17, 19, 21, 9, 8, 32]
[0, 17, 19, 21, 9, 18, 10, 27, 33, 23]
[0, 17, 19, 21, 9, 18, 10, 27, 35]
[0, 17, 19, 21, 9, 18, 15, 23, 24]
[0, 17, 19, 21, 9, 18, 15, 34]
[0, 17, 19, 21, 9, 18, 33, 23]
[0, 17, 19, 21, 9, 18, 35]
[0, 17, 19, 21, 9, 27, 33, 23, 24]
[0, 17, 19, 21, 9, 27, 33, 34]
[0, 17, 19, 21, 9, 27, 35]
[0, 17, 19, 21, 9, 27, 36]
[0, 17, 19, 21, 10, 18, 15, 23, 9, 8]
[0, 17, 19, 21, 10, 18, 15, 23, 24]
[0, 17, 19, 21, 10, 18, 15, 34, 43]
[0, 17, 19, 21, 10, 18, 33, 23, 9]
[0, 17, 19, 21, 10, 18, 33, 34]
[0, 17, 19, 21, 10, 18, 35]
[0, 17, 19, 21, 10, 18, 36]
[0, 17, 19, 21, 10, 27, 9, 8, 12]
[0, 17, 19, 21, 10, 27, 9, 18]
[0, 17, 19, 21, 10, 27, 33, 23]
[0, 17, 19, 21, 10, 27, 35]
[0, 17, 19, 21, 15, 23, 9, 8, 12]
[0, 17, 19, 21, 15, 23, 9, 18]
[0, 17, 19, 21, 15, 23, 24, 8]
[0, 17, 19, 21, 15, 23, 28]
[0, 17, 19, 21, 15, 34, 10, 18]
[0, 17, 19, 21, 15, 34, 43]
[0, 17, 19, 21, 24, 8, 12, 13]
[0, 17, 19, 21, 24, 8, 32]
[0, 17, 19, 21, 24, 18, 10]
[0, 17, 19, 21, 24, 25]
[0, 17, 19, 21, 28, 12, 13]
[0, 17, 19, 21, 28, 29]
[0, 17, 19, 21, 30, 8]
[0, 17, 19, 21, 31]
[0, 17, 19, 27, 9, 8, 12, 13, 10, 18]
[0, 17, 19, 27, 9, 8, 12, 13, 15]
[0, 17, 19, 27, 9, 8, 12, 18, 10]
[0, 17, 19, 27, 9, 8, 12, 25]
[0, 17, 19, 27, 9, 8, 32]
[0, 17, 19, 27, 9, 18, 10]
[0, 17, 19, 27, 9, 18, 15, 23]
[0, 17, 19, 27, 9, 18, 33]
[0, 17, 19, 27, 33, 23, 9, 8, 12]
[0, 17, 19, 27, 33, 23, 9, 18]
[0, 17, 19, 27, 33, 23, 24, 8]
[0, 17, 19, 27, 33, 23, 28]
[0, 17, 19, 27, 33, 34, 10, 18]
[0, 17, 19, 27, 33, 34, 15]
[0, 17, 19, 27, 35]
[0, 17, 19, 27, 36]
[0, 17, 19, 27, 37]
[0, 17, 19, 27, 40]
[0, 17, 22, 9, 8, 12, 13, 10, 18, 15, 23]
[0, 17, 22, 9, 8, 12, 13, 10, 18, 33]
[0, 17, 22, 9, 8, 12, 13, 10, 27, 33]
[0, 17, 22, 9, 8, 12, 13, 15, 23, 24]
[0, 17, 22, 9, 8, 12, 13, 15, 34]
[0, 17, 22, 9, 8, 12, 13, 24, 18]
[0, 17, 22, 9, 8, 12, 13, 28]
[0, 17, 22, 9, 8, 12, 18, 10, 27, 33]
[0, 17, 22, 9, 8, 12, 18, 15, 23]
[0, 17, 22, 9, 8, 12, 18, 33]
[0, 17, 22, 9, 8, 12, 25]
[0, 17, 22, 9, 8, 12, 26]
[0, 17, 22, 9, 8, 12, 27]
[0, 17, 22, 9, 8, 19, 18, 10, 27, 33]
[0, 17, 22, 9, 8, 19, 18, 15, 23]
[0, 17, 22, 9, 8, 19, 18, 33]
[0, 17, 22, 9, 8, 19, 21, 10, 18]
[0, 17, 22, 9, 8, 19, 21, 15]
[0, 17, 22, 9, 8, 19, 27, 33]
[0, 17, 22, 9, 8, 32]
[0, 17, 22, 9, 18, 10, 27, 33, 23, 24]
[0, 17, 22, 9, 18, 10, 27, 33, 34]
[0, 17, 22, 9, 18, 10, 27, 35]
[0, 17, 22, 9, 18, 10, 27, 36]
[0, 17, 22, 9, 18, 15, 23, 24, 8]
[0, 17, 22, 9, 18, 15, 23, 28]
[0, 17, 22, 9, 18, 15, 34, 10]
[0, 17, 22, 9, 18, 33, 23, 24]
[0, 17, 22, 9, 18, 33, 34]
[0, 17, 22, 9, 18, 35]
[0, 17, 22, 9, 18, 36]
[0, 17, 22, 9, 27, 33, 23, 24, 8]
[0, 17, 22, 9, 27, 33, 23, 28]
[0, 17, 22, 9, 27, 33, 34, 10]
[0, 17, 22, 9, 27, 35]
[0, 17, 22, 9, 27, 36]
[0, 17, 22, 9, 27, 37]
[0, 17, 22, 10, 18, 15, 23, 9, 8, 12]
[0, 17, 22, 10, 18, 15, 23, 9, 27]
[0, 17, 22, 10, 18, 15, 23, 24, 8]
[0, 17, 22, 10, 18, 15, 23, 28]
[0, 17, 22, 10, 18, 15, 34, 43]
[0, 17, 22, 10, 18, 33, 23, 9, 8]
[0, 17, 22, 10, 18, 33, 23, 24]
[0, 17, 22, 10, 18, 33, 34, 15]
[0, 17, 22, 10, 18, 35]
[0, 17, 22, 10, 18, 36]
[0, 17, 22, 10, 18, 43]
[0, 17, 22, 10, 27, 9, 8, 12, 13]
[0, 17, 22, 10, 27, 9, 8, 19]
[0, 17, 22, 10, 27, 9, 18, 15]
[0, 17, 22, 10, 27, 33, 23, 9]
[0, 17, 22, 10, 27, 33, 34]
[0, 17, 22, 10, 27, 35]
[0, 17, 22, 10, 27, 36]
[0, 17, 22, 15, 23, 9, 8, 12, 13]
[0, 17, 22, 15, 23, 9, 8, 19]
[0, 17, 22, 15, 23, 9, 18, 10]
[0, 17, 22, 15, 23, 9, 27]
[0, 17, 22, 15, 23, 24, 8, 12]
[0, 17, 22, 15, 23, 24, 18]
[0, 17, 22, 15, 23, 28, 12]
[0, 17, 22, 15, 23, 30]
[0, 17, 22, 15, 34, 10, 18, 33]
[0, 17, 22, 15, 34, 10, 27]
[0, 17, 22, 15, 34, 43]
[0, 17, 22, 24, 8, 12, 13, 9]
[0, 17, 22, 24, 8, 12, 18]
[0, 17, 22, 24, 8, 19, 18]
[0, 17, 22, 24, 8, 32]
[0, 17, 22, 24, 18, 10, 27]
[0, 17, 22, 24, 18, 15]
[0, 17, 22, 24, 25]
[0, 17, 22, 24, 27]
[0, 17, 22, 28, 12, 13, 9]
[0, 17, 22, 28, 12, 18]
[0, 17, 22, 28, 19, 18]
[0, 17, 22, 28, 29]
[0, 17, 22, 30, 8, 12]
[0, 17, 22, 30, 18]
[0, 17, 22, 31, 12]
[0, 17, 22, 33]
[0, 18, 10, 27, 9, 8, 12, 13, 15, 23, 24, 17]
[0, 18, 10, 27, 9, 8, 12, 13, 15, 23, 28]
[0, 18, 10, 27, 9, 8, 12, 13, 15, 34, 43]
[0, 18, 10, 27, 9, 8, 12, 13, 24, 17, 19]
[0, 18, 10, 27, 9, 8, 12, 13, 24, 25]
[0, 18, 10, 27, 9, 8, 12, 13, 28, 19]
[0, 18, 10, 27, 9, 8, 12, 13, 30]
[0, 18, 10, 27, 9, 8, 12, 17, 19, 21, 15]
[0, 18, 10, 27, 9, 8, 12, 17, 22, 15]
[0, 18, 10, 27, 9, 8, 12, 25]
[0, 18, 10, 27, 9, 8, 12, 26]
[0, 18, 10, 27, 9, 8, 19, 21, 15, 23, 24]
[0, 18, 10, 27, 9, 8, 19, 21, 15, 34]
[0, 18, 10, 27, 9, 8, 19, 21, 24, 17]
[0, 18, 10, 27, 9, 8, 19, 21, 28]
[0, 18, 10, 27, 9, 8, 32]
[0, 18, 10, 27, 9, 17, 19, 21, 15, 23, 24]
[0, 18, 10, 27, 9, 17, 19, 21, 15, 34]
[0, 18, 10, 27, 9, 17, 19, 21, 24, 8]
[0, 18, 10, 27, 9, 17, 19, 21, 28]
[0, 18, 10, 27, 9, 17, 22, 15, 23, 24]
[0, 18, 10, 27, 9, 17, 22, 15, 34]
[0, 18, 10, 27, 9, 17, 22, 24, 8]
[0, 18, 10, 27, 9, 17, 22, 28]
[0, 18, 10, 27, 33, 23, 9, 8, 12, 13, 15]
[0, 18, 10, 27, 33, 23, 9, 8, 12, 17]
[0, 18, 10, 27, 33, 23, 9, 8, 19, 21]
[0, 18, 10, 27, 33, 23, 9, 8, 32]
[0, 18, 10, 27, 33, 23, 9, 17, 19, 21]
[0, 18, 10, 27, 33, 23, 9, 17, 22]
[0, 18, 10, 27, 33, 23, 24, 8, 12, 13]
[0, 18, 10, 27, 33, 23, 24, 8, 19]
[0, 18, 10, 27, 33, 23, 24, 17, 19]
[0, 18, 10, 27, 33, 23, 24, 25]
[0, 18, 10, 27, 33, 23, 28, 12, 13]
[0, 18, 10, 27, 33, 23, 28, 19]
[0, 18, 10, 27, 33, 23, 30, 8]
[0, 18, 10, 27, 33, 23, 31]
[0, 18, 10, 27, 33, 34, 15, 23, 9, 8]
[0, 18, 10, 27, 33, 34, 15, 23, 24]
[0, 18, 10, 27, 33, 34, 43]
[0, 18, 10, 27, 35]
[0, 18, 10, 27, 36]
[0, 18, 10, 27, 37]
[0, 18, 10, 27, 40]
[0, 18, 10, 27, 41]
[0, 18, 10, 27, 43]
[0, 18, 15, 23, 9, 8, 12, 13, 10, 27, 33]
[0, 18, 15, 23, 9, 8, 12, 13, 24, 17]
[0, 18, 15, 23, 9, 8, 12, 13, 28]
[0, 18, 15, 23, 9, 8, 12, 17, 19, 21]
[0, 18, 15, 23, 9, 8, 12, 17, 22]
[0, 18, 15, 23, 9, 8, 12, 25]
[0, 18, 15, 23, 9, 8, 12, 26]
[0, 18, 15, 23, 9, 8, 19, 21, 10, 27]
[0, 18, 15, 23, 9, 8, 19, 21, 24]
[0, 18, 15, 23, 9, 8, 19, 27, 33]
[0, 18, 15, 23, 9, 8, 32]
[0, 18, 15, 23, 9, 17, 19, 21, 10, 27]
[0, 18, 15, 23, 9, 17, 19, 21, 24]
[0, 18, 15, 23, 9, 17, 19, 27, 33]
[0, 18, 15, 23, 9, 17, 22, 10, 27]
[0, 18, 15, 23, 9, 17, 22, 24]
[0, 18, 15, 23, 9, 27, 33, 34, 10]
[0, 18, 15, 23, 9, 27, 35]
[0, 18, 15, 23, 9, 27, 36]
[0, 18, 15, 23, 24, 8, 12, 13, 9, 17]
[0, 18, 15, 23, 24, 8, 12, 13, 10]
[0, 18, 15, 23, 24, 8, 12, 17, 19]
[0, 18, 15, 23, 24, 8, 12, 25]
[0, 18, 15, 23, 24, 8, 19, 21, 9]
[0, 18, 15, 23, 24, 8, 19, 27]
[0, 18, 15, 23, 24, 8, 32]
[0, 18, 15, 23, 24, 17, 19, 21, 9]
[0, 18, 15, 23, 24, 17, 19, 27]
[0, 18, 15, 23, 24, 17, 22, 9]
[0, 18, 15, 23, 24, 25]
[0, 18, 15, 23, 24, 27, 9]
[0, 18, 15, 23, 28, 12, 13, 9, 8]
[0, 18, 15, 23, 28, 12, 13, 10]
[0, 18, 15, 23, 28, 12, 17, 19]
[0, 18, 15, 23, 28, 12, 25]
[0, 18, 15, 23, 28, 19, 21, 9]
[0, 18, 15, 23, 28, 19, 27]
[0, 18, 15, 23, 28, 29]
[0, 18, 15, 23, 30, 8, 12, 13]
[0, 18, 15, 23, 30, 8, 19]
[0, 18, 15, 23, 30, 17, 19]
[0, 18, 15, 23, 30, 25]
[0, 18, 15, 23, 31, 12, 13]
[0, 18, 15, 23, 31, 19]
[0, 18, 15, 23, 33, 34]
[0, 18, 15, 23, 35]
[0, 18, 15, 34, 10, 27, 9, 8, 12, 13]
[0, 18, 15, 34, 10, 27, 9, 8, 19]
[0, 18, 15, 34, 10, 27, 9, 17, 19]
[0, 18, 15, 34, 10, 27, 33, 23, 9]
[0, 18, 15, 34, 10, 27, 35]
[0, 18, 15, 34, 10, 27, 36]
[0, 18, 15, 34, 43]
[0, 18, 33, 23, 9, 8, 12, 13, 10, 27]
[0, 18, 33, 23, 9, 8, 12, 13, 15]
[0, 18, 33, 23, 9, 8, 12, 17, 19]
[0, 18, 33, 23, 9, 8, 12, 25]
[0, 18, 33, 23, 9, 8, 19, 21, 10]
[0, 18, 33, 23, 9, 8, 19, 27]
[0, 18, 33, 23, 9, 8, 32]
[0, 18, 33, 23, 9, 17, 19, 21, 10]
[0, 18, 33, 23, 9, 17, 19, 27]
[0, 18, 33, 23, 9, 17, 22, 10]
[0, 18, 33, 23, 9, 27, 35]
[0, 18, 33, 23, 9, 27, 36]
[0, 18, 33, 23, 24, 8, 12, 13, 9]
[0, 18, 33, 23, 24, 8, 12, 17]
[0, 18, 33, 23, 24, 8, 19, 21]
[0, 18, 33, 23, 24, 8, 32]
[0, 18, 33, 23, 24, 17, 19, 21]
[0, 18, 33, 23, 24, 17, 22]
[0, 18, 33, 23, 24, 25]
[0, 18, 33, 23, 24, 27]
[0, 18, 33, 23, 28, 12, 13, 9]
[0, 18, 33, 23, 28, 12, 17]
[0, 18, 33, 23, 28, 19, 21]
[0, 18, 33, 23, 28, 29]
[0, 18, 33, 23, 30, 8, 12]
[0, 18, 33, 23, 30, 17]
[0, 18, 33, 23, 31, 12]
[0, 18, 33, 23, 35]
[0, 18, 33, 34, 10, 27, 9, 8, 12]
[0, 18, 33, 34, 10, 27, 9, 17]
[0, 18, 33, 34, 10, 27, 35]
[0, 18, 33, 34, 10, 27, 36]
[0, 18, 33, 34, 15, 23, 9, 8]
[0, 18, 33, 34, 15, 23, 24]
[0, 18, 33, 34, 43]
[0, 18, 35]
[0, 18, 36]
[0, 18, 43]
[0, 20, 12, 13, 9, 8, 19, 18, 10, 27, 33, 23]
[0, 20, 12, 13, 9, 8, 19, 18, 10, 27, 35]
[0, 20, 12, 13, 9, 8, 19, 18, 15, 23, 24]
[0, 20, 12, 13, 9, 8, 19, 18, 15, 34]
[0, 20, 12, 13, 9, 8, 19, 18, 33, 23]
[0, 20, 12, 13, 9, 8, 19, 18, 35]
[0, 20, 12, 13, 9, 8, 19, 21, 10, 18, 15]
[0, 20, 12, 13, 9, 8, 19, 21, 10, 27]
[0, 20, 12, 13, 9, 8, 19, 21, 15, 23]
[0, 20, 12, 13, 9, 8, 19, 21, 24]
[0, 20, 12, 13, 9, 8, 19, 27, 33, 23]
[0, 20, 12, 13, 9, 8, 19, 27, 35]
[0, 20, 12, 13, 9, 8, 32]
[0, 20, 12, 13, 9, 17, 19, 18, 10, 27, 33]
[0, 20, 12, 13, 9, 17, 19, 18, 15, 23]
[0, 20, 12, 13, 9, 17, 19, 18, 33]
[0, 20, 12, 13, 9, 17, 19, 21, 10, 18]
[0, 20, 12, 13, 9, 17, 19, 21, 15]
[0, 20, 12, 13, 9, 17, 19, 27, 33]
[0, 20, 12, 13, 9, 17, 22, 10, 18, 15]
[0, 20, 12, 13, 9, 17, 22, 10, 27]
[0, 20, 12, 13, 9, 17, 22, 15, 23]
[0, 20, 12, 13, 9, 17, 22, 24]
[0, 20, 12, 13, 9, 18, 10, 27, 33, 23]
[0, 20, 12, 13, 9, 18, 10, 27, 35]
[0, 20, 12, 13, 9, 18, 15, 23, 24]
[0, 20, 12, 13, 9, 18, 15, 34]
[0, 20, 12, 13, 9, 18, 33, 23]
[0, 20, 12, 13, 9, 18, 35]
[0, 20, 12, 13, 9, 27, 33, 23, 24]
[0, 20, 12, 13, 9, 27, 33, 34]
[0, 20, 12, 13, 9, 27, 35]
[0, 20, 12, 13, 9, 27, 36]
[0, 20, 12, 13, 10, 18, 15, 23, 9, 8, 19]
[0, 20, 12, 13, 10, 18, 15, 23, 9, 17]
[0, 20, 12, 13, 10, 18, 15, 23, 24, 8]
[0, 20, 12, 13, 10, 18, 15, 23, 28]
[0, 20, 12, 13, 10, 18, 15, 34, 43]
[0, 20, 12, 13, 10, 18, 33, 23, 9, 8]
[0, 20, 12, 13, 10, 18, 33, 23, 24]
[0, 20, 12, 13, 10, 18, 33, 34, 15]
[0, 20, 12, 13, 10, 18, 35]
[0, 20, 12, 13, 10, 18, 36]
[0, 20, 12, 13, 10, 18, 43]
[0, 20, 12, 13, 10, 27, 9, 8, 19, 18]
[0, 20, 12, 13, 10, 27, 9, 8, 32]
[0, 20, 12, 13, 10, 27, 9, 17, 19]
[0, 20, 12, 13, 10, 27, 9, 18]
[0, 20, 12, 13, 10, 27, 33, 23, 9]
[0, 20, 12, 13, 10, 27, 33, 34]
[0, 20, 12, 13, 10, 27, 35]
[0, 20, 12, 13, 10, 27, 36]
[0, 20, 12, 13, 15, 23, 9, 8, 19, 18]
[0, 20, 12, 13, 15, 23, 9, 8, 32]
[0, 20, 12, 13, 15, 23, 9, 17, 19]
[0, 20, 12, 13, 15, 23, 9, 18]
[0, 20, 12, 13, 15, 23, 24, 8, 19]
[0, 20, 12, 13, 15, 23, 24, 17]
[0, 20, 12, 13, 15, 23, 28, 19]
[0, 20, 12, 13, 15, 23, 30]
[0, 20, 12, 13, 15, 34, 10, 18, 33]
[0, 20, 12, 13, 15, 34, 10, 27]
[0, 20, 12, 13, 15, 34, 43]
[0, 20, 12, 13, 24, 8, 19, 18, 10]
[0, 20, 12, 13, 24, 8, 19, 21]
[0, 20, 12, 13, 24, 8, 32]
[0, 20, 12, 13, 24, 17, 19, 18]
[0, 20, 12, 13, 24, 17, 22]
[0, 20, 12, 13, 24, 18, 10]
[0, 20, 12, 13, 24, 25]
[0, 20, 12, 13, 28, 19, 18, 10]
[0, 20, 12, 13, 28, 19, 21]
[0, 20, 12, 13, 28, 29]
[0, 20, 12, 13, 30, 8, 19]
[0, 20, 12, 13, 30, 17]
[0, 20, 12, 13, 31, 19]
[0, 20, 12, 13, 33]
[0, 20, 12, 17, 19, 18, 10, 27, 9, 8, 32]
[0, 20, 12, 17, 19, 18, 10, 27, 33, 23]
[0, 20, 12, 17, 19, 18, 10, 27, 35]
[0, 20, 12, 17, 19, 18, 15, 23, 9, 8]
[0, 20, 12, 17, 19, 18, 15, 23, 24]
[0, 20, 12, 17, 19, 18, 15, 34, 10]
[0, 20, 12, 17, 19, 18, 33, 23, 9]
[0, 20, 12, 17, 19, 18, 33, 34]
[0, 20, 12, 17, 19, 18, 35]
[0, 20, 12, 17, 19, 18, 36]
[0, 20, 12, 17, 19, 21, 9, 8, 32]
[0, 20, 12, 17, 19, 21, 9, 18, 10]
[0, 20, 12, 17, 19, 21, 9, 27]
[0, 20, 12, 17, 19, 21, 10, 18, 15]
[0, 20, 12, 17, 19, 21, 10, 27]
[0, 20, 12, 17, 19, 21, 15, 23]
[0, 20, 12, 17, 19, 21, 24]
[0, 20, 12, 17, 19, 27, 9, 8, 32]
[0, 20, 12, 17, 19, 27, 9, 18]
[0, 20, 12, 17, 19, 27, 33, 23]
[0, 20, 12, 17, 19, 27, 35]
[0, 20, 12, 17, 22, 9, 8, 19, 18, 10]
[0, 20, 12, 17, 22, 9, 8, 19, 21]
[0, 20, 12, 17, 22, 9, 8, 32]
[0, 20, 12, 17, 22, 9, 18, 10, 27]
[0, 20, 12, 17, 22, 9, 18, 15]
[0, 20, 12, 17, 22, 9, 27, 33]
[0, 20, 12, 17, 22, 10, 18, 15, 23]
[0, 20, 12, 17, 22, 10, 18, 33]
[0, 20, 12, 17, 22, 10, 27, 9]
[0, 20, 12, 17, 22, 15, 23, 9]
[0, 20, 12, 17, 22, 15, 34]
[0, 20, 12, 17, 22, 24, 8]
[0, 20, 12, 17, 22, 28]
[0, 20, 12, 18, 10, 27, 9, 8, 19, 21]
[0, 20, 12, 18, 10, 27, 9, 8, 32]
[0, 20, 12, 18, 10, 27, 9, 17, 19]
[0, 20, 12, 18, 10, 27, 33, 23, 9]
[0, 20, 12, 18, 10, 27, 33, 34]
[0, 20, 12, 18, 10, 27, 35]
[0, 20, 12, 18, 10, 27, 36]
[0, 20, 12, 18, 15, 23, 9, 8, 19]
[0, 20, 12, 18, 15, 23, 9, 17]
[0, 20, 12, 18, 15, 23, 24, 8]
[0, 20, 12, 18, 15, 23, 28]
[0, 20, 12, 18, 15, 34, 10, 27]
[0, 20, 12, 18, 15, 34, 43]
[0, 20, 12, 18, 33, 23, 9, 8]
[0, 20, 12, 18, 33, 23, 24]
[0, 20, 12, 18, 33, 34, 10]
[0, 20, 12, 18, 35]
[0, 20, 12, 18, 36]
[0, 20, 12, 18, 43]
[0, 20, 12, 25]
[0, 20, 12, 26]
[0, 20, 12, 27, 9, 8, 19]
[0, 20, 12, 27, 9, 17]
[0, 20, 12, 27, 33, 23]
[0, 20, 12, 27, 35]
[0, 20, 19, 18, 10, 27, 9, 8, 12, 13, 15]
[0, 20, 19, 18, 10, 27, 9, 8, 12, 17]
[0, 20, 19, 18, 10, 27, 9, 8, 32]
[0, 20, 19, 18, 10, 27, 9, 17, 22, 15]
[0, 20, 19, 18, 10, 27, 33, 23, 9, 8]
[0, 20, 19, 18, 10, 27, 33, 23, 24]
[0, 20, 19, 18, 10, 27, 33, 34, 15]
[0, 20, 19, 18, 10, 27, 35]
[0, 20, 19, 18, 10, 27, 36]
[0, 20, 19, 18, 10, 27, 37]
[0, 20, 19, 18, 15, 23, 9, 8, 12, 13]
[0, 20, 19, 18, 15, 23, 9, 8, 32]
[0, 20, 19, 18, 15, 23, 9, 17, 22]
[0, 20, 19, 18, 15, 23, 9, 27]
[0, 20, 19, 18, 15, 23, 24, 8, 12]
[0, 20, 19, 18, 15, 23, 24, 17]
[0, 20, 19, 18, 15, 23, 28, 12]
[0, 20, 19, 18, 15, 23, 30]
[0, 20, 19, 18, 15, 34, 10, 27, 9]
[0, 20, 19, 18, 15, 34, 43]
[0, 20, 19, 18, 33, 23, 9, 8, 12]
[0, 20, 19, 18, 33, 23, 9, 17]
[0, 20, 19, 18, 33, 23, 24, 8]
[0, 20, 19, 18, 33, 23, 28]
[0, 20, 19, 18, 33, 34, 10, 27]
[0, 20, 19, 18, 33, 34, 15]
[0, 20, 19, 18, 35]
[0, 20, 19, 18, 36]
[0, 20, 19, 18, 43]
[0, 20, 19, 21, 9, 8, 12, 13, 10, 18]
[0, 20, 19, 21, 9, 8, 12, 13, 15]
[0, 20, 19, 21, 9, 8, 12, 17, 22]
[0, 20, 19, 21, 9, 8, 12, 18]
[0, 20, 19, 21, 9, 8, 32]
[0, 20, 19, 21, 9, 17, 22, 10, 18]
[0, 20, 19, 21, 9, 17, 22, 15]
[0, 20, 19, 21, 9, 18, 10, 27]
[0, 20, 19, 21, 9, 18, 15]
[0, 20, 19, 21, 9, 27, 33]
[0, 20, 19, 21, 10, 18, 15, 23, 9]
[0, 20, 19, 21, 10, 18, 15, 34]
[0, 20, 19, 21, 10, 18, 33, 23]
[0, 20, 19, 21, 10, 18, 35]
[0, 20, 19, 21, 10, 27, 9, 8]
[0, 20, 19, 21, 10, 27, 33]
[0, 20, 19, 21, 15, 23, 9, 8]
[0, 20, 19, 21, 15, 23, 24]
[0, 20, 19, 21, 15, 34, 10]
[0, 20, 19, 21, 24, 8, 12]
[0, 20, 19, 21, 24, 17]
[0, 20, 19, 21, 28, 12]
[0, 20, 19, 21, 30]
[0, 20, 19, 27, 9, 8, 12, 13, 10]
[0, 20, 19, 27, 9, 8, 12, 17]
[0, 20, 19, 27, 9, 8, 32]
[0, 20, 19, 27, 9, 17, 22, 10]
[0, 20, 19, 27, 9, 18, 10]
[0, 20, 19, 27, 33, 23, 9, 8]
[0, 20, 19, 27, 33, 23, 24]
[0, 20, 19, 27, 33, 34, 10]
[0, 20, 19, 27, 35]
[0, 20, 19, 27, 36]
[0, 20, 19, 27, 37]
[0, 20, 22, 9, 8, 12, 13, 10, 18, 15]
[0, 20, 22, 9, 8, 12, 13, 10, 27]
[0, 20, 22, 9, 8, 12, 13, 15, 23]
[0, 20, 22, 9, 8, 12, 13, 24]
[0, 20, 22, 9, 8, 12, 17, 19, 18]
[0, 20, 22, 9, 8, 12, 18, 10]
[0, 20, 22, 9, 8, 12, 25]
[0, 20, 22, 9, 8, 19, 18, 10, 27]
[0, 20, 22, 9, 8, 19, 18, 15]
[0, 20, 22, 9, 8, 19, 21, 10]
[0, 20, 22, 9, 8, 19, 27]
[0, 20, 22, 9, 8, 32]
[0, 20, 22, 9, 17, 19, 18, 10, 27]
[0, 20, 22, 9, 17, 19, 18, 15]
[0, 20, 22, 9, 17, 19, 21, 10]
[0, 20, 22, 9, 17, 19, 27]
[0, 20, 22, 9, 18, 10, 27, 33]
[0, 20, 22, 9, 18, 15, 23]
[0, 20, 22, 9, 18, 33]
[0, 20, 22, 9, 27, 33, 23]
[0, 20, 22, 9, 27, 35]
[0, 20, 22, 10, 18, 15, 23, 9, 8]
[0, 20, 22, 10, 18, 15, 23, 24]
[0, 20, 22, 10, 18, 15, 34, 43]
[0, 20, 22, 10, 18, 33, 23, 9]
[0, 20, 22, 10, 18, 33, 34]
[0, 20, 22, 10, 18, 35]
[0, 20, 22, 10, 18, 36]
[0, 20, 22, 10, 27, 9, 8, 12]
[0, 20, 22, 10, 27, 9, 17]
[0, 20, 22, 10, 27, 33, 23]
[0, 20, 22, 10, 27, 35]
[0, 20, 22, 15, 23, 9, 8, 12]
[0, 20, 22, 15, 23, 9, 17]
[0, 20, 22, 15, 23, 24, 8]
[0, 20, 22, 15, 23, 28]
[0, 20, 22, 15, 34, 10, 18]
[0, 20, 22, 15, 34, 43]
[0, 20, 22, 24, 8, 12, 13]
[0, 20, 22, 24, 8, 19]
[0, 20, 22, 24, 17, 19]
[0, 20, 22, 24, 18]
[0, 20, 22, 28, 12, 13]
[0, 20, 22, 28, 19]
[0, 20, 22, 30, 8]
[0, 20, 22, 31]
[0, 20, 29]
[0, 20, 32]
[0, 21, 9, 8, 12, 13, 10, 18, 15, 23, 24, 17]
[0, 21, 9, 8, 12, 13, 10, 18, 15, 23, 28]
[0, 21, 9, 8, 12, 13, 10, 18, 15, 34, 43]
[0, 21, 9, 8, 12, 13, 10, 18, 33, 23, 24]
[0, 21, 9, 8, 12, 13, 10, 18, 33, 34]
[0, 21, 9, 8, 12, 13, 10, 18, 35]
[0, 21, 9, 8, 12, 13, 10, 18, 36]
[0, 21, 9, 8, 12, 13, 10, 27, 33, 23, 24]
[0, 21, 9, 8, 12, 13, 10, 27, 33, 34]
[0, 21, 9, 8, 12, 13, 10, 27, 35]
[0, 21, 9, 8, 12, 13, 10, 27, 36]
[0, 21, 9, 8, 12, 13, 15, 23, 24, 17, 19]
[0, 21, 9, 8, 12, 13, 15, 23, 24, 18]
[0, 21, 9, 8, 12, 13, 15, 23, 28, 19]
[0, 21, 9, 8, 12, 13, 15, 23, 30]
[0, 21, 9, 8, 12, 13, 15, 34, 10, 18]
[0, 21, 9, 8, 12, 13, 15, 34, 43]
[0, 21, 9, 8, 12, 13, 24, 17, 19, 18]
[0, 21, 9, 8, 12, 13, 24, 17, 22]
[0, 21, 9, 8, 12, 13, 24, 18, 10]
[0, 21, 9, 8, 12, 13, 24, 25]
[0, 21, 9, 8, 12, 13, 28, 19, 18]
[0, 21, 9, 8, 12, 13, 28, 29]
[0, 21, 9, 8, 12, 13, 30, 17]
[0, 21, 9, 8, 12, 13, 31]
[0, 21, 9, 8, 12, 17, 19, 18, 10, 27, 33]
[0, 21, 9, 8, 12, 17, 19, 18, 15, 23]
[0, 21, 9, 8, 12, 17, 19, 18, 33]
[0, 21, 9, 8, 12, 17, 19, 27, 33, 23]
[0, 21, 9, 8, 12, 17, 19, 27, 35]
[0, 21, 9, 8, 12, 17, 22, 10, 18, 15]
[0, 21, 9, 8, 12, 17, 22, 10, 27]
[0, 21, 9, 8, 12, 17, 22, 15, 23]
[0, 21, 9, 8, 12, 17, 22, 24]
[0, 21, 9, 8, 12, 18, 10, 27, 33, 23]
[0, 21, 9, 8, 12, 18, 10, 27, 35]
[0, 21, 9, 8, 12, 18, 15, 23, 24]
[0, 21, 9, 8, 12, 18, 15, 34]
[0, 21, 9, 8, 12, 18, 33, 23]
[0, 21, 9, 8, 12, 18, 35]
[0, 21, 9, 8, 12, 25]
[0, 21, 9, 8, 12, 26]
[0, 21, 9, 8, 12, 27, 33]
[0, 21, 9, 8, 19, 18, 10, 27, 33, 23, 24]
[0, 21, 9, 8, 19, 18, 10, 27, 33, 34]
[0, 21, 9, 8, 19, 18, 10, 27, 35]
[0, 21, 9, 8, 19, 18, 10, 27, 36]
[0, 21, 9, 8, 19, 18, 15, 23, 24, 17]
[0, 21, 9, 8, 19, 18, 15, 23, 28]
[0, 21, 9, 8, 19, 18, 15, 34, 10]
[0, 21, 9, 8, 19, 18, 33, 23, 24]
[0, 21, 9, 8, 19, 18, 33, 34]
[0, 21, 9, 8, 19, 18, 35]
[0, 21, 9, 8, 19, 18, 36]
[0, 21, 9, 8, 19, 27, 33, 23, 24, 17]
[0, 21, 9, 8, 19, 27, 33, 23, 28]
[0, 21, 9, 8, 19, 27, 33, 34, 10]
[0, 21, 9, 8, 19, 27, 35]
[0, 21, 9, 8, 19, 27, 36]
[0, 21, 9, 8, 19, 27, 37]
[0, 21, 9, 8, 32]
[0, 21, 9, 17, 19, 18, 10, 27, 33, 23, 24]
[0, 21, 9, 17, 19, 18, 10, 27, 33, 34]
[0, 21, 9, 17, 19, 18, 10, 27, 35]
[0, 21, 9, 17, 19, 18, 10, 27, 36]
[0, 21, 9, 17, 19, 18, 15, 23, 24, 8]
[0, 21, 9, 17, 19, 18, 15, 23, 28]
[0, 21, 9, 17, 19, 18, 15, 34, 10]
[0, 21, 9, 17, 19, 18, 33, 23, 24]
[0, 21, 9, 17, 19, 18, 33, 34]
[0, 21, 9, 17, 19, 18, 35]
[0, 21, 9, 17, 19, 18, 36]
[0, 21, 9, 17, 19, 27, 33, 23, 24, 8]
[0, 21, 9, 17, 19, 27, 33, 23, 28]
[0, 21, 9, 17, 19, 27, 33, 34, 10]
[0, 21, 9, 17, 19, 27, 35]
[0, 21, 9, 17, 19, 27, 36]
[0, 21, 9, 17, 19, 27, 37]
[0, 21, 9, 17, 22, 10, 18, 15, 23, 24]
[0, 21, 9, 17, 22, 10, 18, 15, 34]
[0, 21, 9, 17, 22, 10, 18, 33, 23]
[0, 21, 9, 17, 22, 10, 18, 35]
[0, 21, 9, 17, 22, 10, 27, 33, 23]
[0, 21, 9, 17, 22, 10, 27, 35]
[0, 21, 9, 17, 22, 15, 23, 24, 8]
[0, 21, 9, 17, 22, 15, 23, 28]
[0, 21, 9, 17, 22, 15, 34, 10]
[0, 21, 9, 17, 22, 24, 8, 12]
[0, 21, 9, 17, 22, 24, 18]
[0, 21, 9, 17, 22, 28, 12]
[0, 21, 9, 17, 22, 30]
[0, 21, 9, 18, 10, 27, 33, 23, 24, 8]
[0, 21, 9, 18, 10, 27, 33, 23, 28]
[0, 21, 9, 18, 10, 27, 33, 34, 15]
[0, 21, 9, 18, 10, 27, 35]
[0, 21, 9, 18, 10, 27, 36]
[0, 21, 9, 18, 10, 27, 37]
[0, 21, 9, 18, 15, 23, 24, 8, 12]
[0, 21, 9, 18, 15, 23, 24, 17]
[0, 21, 9, 18, 15, 23, 28, 12]
[0, 21, 9, 18, 15, 23, 30]
[0, 21, 9, 18, 15, 34, 10, 27]
[0, 21, 9, 18, 15, 34, 43]
[0, 21, 9, 18, 33, 23, 24, 8]
[0, 21, 9, 18, 33, 23, 28]
[0, 21, 9, 18, 33, 34, 10]
[0, 21, 9, 18, 35]
[0, 21, 9, 18, 36]
[0, 21, 9, 18, 43]
[0, 21, 9, 27, 33, 23, 24, 8, 12]
[0, 21, 9, 27, 33, 23, 24, 17]
[0, 21, 9, 27, 33, 23, 28, 12]
[0, 21, 9, 27, 33, 23, 30]
[0, 21, 9, 27, 33, 34, 10, 18]
[0, 21, 9, 27, 33, 34, 15]
[0, 21, 9, 27, 35]
[0, 21, 9, 27, 36]
[0, 21, 9, 27, 37]
[0, 21, 9, 27, 40]
[0, 21, 10, 18, 15, 23, 9, 8, 12, 13, 24]
[0, 21, 10, 18, 15, 23, 9, 8, 12, 17]
[0, 21, 10, 18, 15, 23, 9, 8, 19, 27]
[0, 21, 10, 18, 15, 23, 9, 8, 32]
[0, 21, 10, 18, 15, 23, 9, 17, 19, 27]
[0, 21, 10, 18, 15, 23, 9, 17, 22]
[0, 21, 10, 18, 15, 23, 9, 27, 33]
[0, 21, 10, 18, 15, 23, 24, 8, 12, 13]
[0, 21, 10, 18, 15, 23, 24, 8, 19]
[0, 21, 10, 18, 15, 23, 24, 17, 19]
[0, 21, 10, 18, 15, 23, 24, 25]
[0, 21, 10, 18, 15, 23, 28, 12, 13]
[0, 21, 10, 18, 15, 23, 28, 19]
[0, 21, 10, 18, 15, 23, 30, 8]
[0, 21, 10, 18, 15, 23, 31]
[0, 21, 10, 18, 15, 34, 43]
[0, 21, 10, 18, 33, 23, 9, 8, 12, 13]
[0, 21, 10, 18, 33, 23, 9, 8, 19]
[0, 21, 10, 18, 33, 23, 9, 17, 19]
[0, 21, 10, 18, 33, 23, 9, 27]
[0, 21, 10, 18, 33, 23, 24, 8, 12]
[0, 21, 10, 18, 33, 23, 24, 17]
[0, 21, 10, 18, 33, 23, 28, 12]
[0, 21, 10, 18, 33, 23, 30]
[0, 21, 10, 18, 33, 34, 15, 23, 9]
[0, 21, 10, 18, 33, 34, 43]
[0, 21, 10, 18, 35]
[0, 21, 10, 18, 36]
[0, 21, 10, 18, 43]
[0, 21, 10, 27, 9, 8, 12, 13, 15, 23]
[0, 21, 10, 27, 9, 8, 12, 13, 24]
[0, 21, 10, 27, 9, 8, 12, 17, 19]
[0, 21, 10, 27, 9, 8, 12, 18]
[0, 21, 10, 27, 9, 8, 19, 18, 15]
[0, 21, 10, 27, 9, 8, 32]
[0, 21, 10, 27, 9, 17, 19, 18, 15]
[0, 21, 10, 27, 9, 17, 22, 15]
[0, 21, 10, 27, 9, 18, 15, 23]
[0, 21, 10, 27, 9, 18, 33]
[0, 21, 10, 27, 33, 23, 9, 8, 12]
[0, 21, 10, 27, 33, 23, 9, 17]
[0, 21, 10, 27, 33, 23, 24, 8]
[0, 21, 10, 27, 33, 23, 28]
[0, 21, 10, 27, 33, 34, 15, 23]
[0, 21, 10, 27, 33, 34, 43]
[0, 21, 10, 27, 35]
[0, 21, 10, 27, 36]
[0, 21, 10, 27, 37]
[0, 21, 10, 27, 40]
[0, 21, 15, 23, 9, 8, 12, 13, 10, 18]
[0, 21, 15, 23, 9, 8, 12, 13, 24]
[0, 21, 15, 23, 9, 8, 12, 17, 19]
[0, 21, 15, 23, 9, 8, 12, 18]
[0, 21, 15, 23, 9, 8, 19, 18, 10]
[0, 21, 15, 23, 9, 8, 19, 27]
[0, 21, 15, 23, 9, 8, 32]
[0, 21, 15, 23, 9, 17, 19, 18, 10]
[0, 21, 15, 23, 9, 17, 19, 27]
[0, 21, 15, 23, 9, 17, 22, 10]
[0, 21, 15, 23, 9, 18, 10, 27]
[0, 21, 15, 23, 9, 18, 33]
[0, 21, 15, 23, 9, 27, 33]
[0, 21, 15, 23, 24, 8, 12, 13, 9]
[0, 21, 15, 23, 24, 8, 12, 17]
[0, 21, 15, 23, 24, 8, 19, 18]
[0, 21, 15, 23, 24, 8, 32]
[0, 21, 15, 23, 24, 17, 19, 18]
[0, 21, 15, 23, 24, 17, 22]
[0, 21, 15, 23, 24, 18, 10]
[0, 21, 15, 23, 24, 25]
[0, 21, 15, 23, 28, 12, 13, 9]
[0, 21, 15, 23, 28, 12, 17]
[0, 21, 15, 23, 28, 19, 18]
[0, 21, 15, 23, 28, 29]
[0, 21, 15, 23, 30, 8, 12]
[0, 21, 15, 23, 30, 17]
[0, 21, 15, 23, 31, 12]
[0, 21, 15, 23, 33]
[0, 21, 15, 34, 10, 18, 33, 23, 9]
[0, 21, 15, 34, 10, 18, 35]
[0, 21, 15, 34, 10, 18, 36]
[0, 21, 15, 34, 10, 27, 9, 8]
[0, 21, 15, 34, 10, 27, 33]
[0, 21, 15, 34, 43]
[0, 21, 24, 8, 12, 13, 9, 17, 19]
[0, 21, 24, 8, 12, 13, 9, 18]
[0, 21, 24, 8, 12, 13, 10, 18]
[0, 21, 24, 8, 12, 13, 15]
[0, 21, 24, 8, 12, 17, 19, 18]
[0, 21, 24, 8, 12, 17, 22]
[0, 21, 24, 8, 12, 18, 10]
[0, 21, 24, 8, 12, 25]
[0, 21, 24, 8, 19, 18, 10, 27]
[0, 21, 24, 8, 19, 18, 15]
[0, 21, 24, 8, 19, 27, 9]
[0, 21, 24, 8, 32]
[0, 21, 24, 17, 19, 18, 10, 27]
[0, 21, 24, 17, 19, 18, 15]
[0, 21, 24, 17, 19, 27, 9]
[0, 21, 24, 17, 22, 9, 8]
[0, 21, 24, 17, 22, 10]
[0, 21, 24, 18, 10, 27, 9]
[0, 21, 24, 18, 15, 23]
[0, 21, 24, 18, 33]
[0, 21, 24, 25]
[0, 21, 24, 27, 9]
[0, 21, 28, 12, 13, 9, 8, 19]
[0, 21, 28, 12, 13, 9, 17]
[0, 21, 28, 12, 13, 10, 18]
[0, 21, 28, 12, 13, 15]
[0, 21, 28, 12, 17, 19, 18]
[0, 21, 28, 12, 17, 22]
[0, 21, 28, 12, 18, 10]
[0, 21, 28, 12, 25]
[0, 21, 28, 19, 18, 10, 27]
[0, 21, 28, 19, 18, 15]
[0, 21, 28, 19, 27, 9]
[0, 21, 28, 29]
[0, 21, 30, 8, 12, 13, 9]
[0, 21, 30, 8, 12, 17]
[0, 21, 30, 8, 19, 18]
[0, 21, 30, 8, 32]
[0, 21, 30, 17, 19, 18]
[0, 21, 30, 17, 22]
[0, 21, 30, 18, 10]
[0, 21, 30, 25]
[0, 21, 31, 12, 13, 9]
[0, 21, 31, 12, 17]
[0, 21, 31, 19, 18]
[0, 21, 31, 32]
[0, 21, 33, 23, 9]
[0, 21, 33, 34]
[0, 21, 35]
[0, 21, 36]
[0, 25]
[0, 26]
[0, 27, 9, 8, 12, 13, 10, 18, 15, 23, 24, 17]
[0, 27, 9, 8, 12, 13, 10, 18, 15, 23, 28]
[0, 27, 9, 8, 12, 13, 10, 18, 15, 34, 43]
[0, 27, 9, 8, 12, 13, 10, 18, 33, 23, 24]
[0, 27, 9, 8, 12, 13, 10, 18, 33, 34]
[0, 27, 9, 8, 12, 13, 10, 18, 35]
[0, 27, 9, 8, 12, 13, 10, 18, 36]
[0, 27, 9, 8, 12, 13, 15, 23, 24, 17, 19]
[0, 27, 9, 8, 12, 13, 15, 23, 24, 18]
[0, 27, 9, 8, 12, 13, 15, 23, 28, 19]
[0, 27, 9, 8, 12, 13, 15, 23, 30]
[0, 27, 9, 8, 12, 13, 15, 34, 10, 18]
[0, 27, 9, 8, 12, 13, 15, 34, 43]
[0, 27, 9, 8, 12, 13, 24, 17, 19, 18]
[0, 27, 9, 8, 12, 13, 24, 17, 22]
[0, 27, 9, 8, 12, 13, 24, 18, 10]
[0, 27, 9, 8, 12, 13, 24, 25]
[0, 27, 9, 8, 12, 13, 28, 19, 18]
[0, 27, 9, 8, 12, 13, 28, 29]
[0, 27, 9, 8, 12, 13, 30, 17]
[0, 27, 9, 8, 12, 13, 31]
[0, 27, 9, 8, 12, 17, 19, 18, 10]
[0, 27, 9, 8, 12, 17, 19, 18, 15, 23]
[0, 27, 9, 8, 12, 17, 19, 18, 33]
[0, 27, 9, 8, 12, 17, 19, 21, 10, 18]
[0, 27, 9, 8, 12, 17, 19, 21, 15]
[0, 27, 9, 8, 12, 17, 22, 10, 18, 15]
[0, 27, 9, 8, 12, 17, 22, 15, 23]
[0, 27, 9, 8, 12, 17, 22, 24]
[0, 27, 9, 8, 12, 18, 10]
[0, 27, 9, 8, 12, 18, 15, 23, 24]
[0, 27, 9, 8, 12, 18, 15, 34]
[0, 27, 9, 8, 12, 18, 33, 23]
[0, 27, 9, 8, 12, 18, 35]
[0, 27, 9, 8, 12, 25]
[0, 27, 9, 8, 12, 26]
[0, 27, 9, 8, 19, 18, 10]
[0, 27, 9, 8, 19, 18, 15, 23, 24, 17]
[0, 27, 9, 8, 19, 18, 15, 23, 28]
[0, 27, 9, 8, 19, 18, 15, 34, 10]
[0, 27, 9, 8, 19, 18, 33, 23, 24]
[0, 27, 9, 8, 19, 18, 33, 34]
[0, 27, 9, 8, 19, 18, 35]
[0, 27, 9, 8, 19, 18, 36]
[0, 27, 9, 8, 19, 21, 10, 18, 15, 23]
[0, 27, 9, 8, 19, 21, 10, 18, 33]
[0, 27, 9, 8, 19, 21, 15, 23, 24]
[0, 27, 9, 8, 19, 21, 15, 34]
[0, 27, 9, 8, 19, 21, 24, 17]
[0, 27, 9, 8, 19, 21, 28]
[0, 27, 9, 8, 32]
[0, 27, 9, 17, 19, 18, 10]
[0, 27, 9, 17, 19, 18, 15, 23, 24, 8]
[0, 27, 9, 17, 19, 18, 15, 23, 28]
[0, 27, 9, 17, 19, 18, 15, 34, 10]
[0, 27, 9, 17, 19, 18, 33, 23, 24]
[0, 27, 9, 17, 19, 18, 33, 34]
[0, 27, 9, 17, 19, 18, 35]
[0, 27, 9, 17, 19, 18, 36]
[0, 27, 9, 17, 19, 21, 10, 18, 15, 23]
[0, 27, 9, 17, 19, 21, 10, 18, 33]
[0, 27, 9, 17, 19, 21, 15, 23, 24]
[0, 27, 9, 17, 19, 21, 15, 34]
[0, 27, 9, 17, 19, 21, 24, 8]
[0, 27, 9, 17, 19, 21, 28]
[0, 27, 9, 17, 22, 10, 18, 15, 23, 24]
[0, 27, 9, 17, 22, 10, 18, 15, 34]
[0, 27, 9, 17, 22, 10, 18, 33, 23]
[0, 27, 9, 17, 22, 10, 18, 35]
[0, 27, 9, 17, 22, 15, 23, 24, 8]
[0, 27, 9, 17, 22, 15, 23, 28]
[0, 27, 9, 17, 22, 15, 34, 10]
[0, 27, 9, 17, 22, 24, 8, 12]
[0, 27, 9, 17, 22, 24, 18]
[0, 27, 9, 17, 22, 28, 12]
[0, 27, 9, 17, 22, 30]
[0, 27, 9, 18, 10]
[0, 27, 9, 18, 15, 23, 24, 8, 12]
[0, 27, 9, 18, 15, 23, 24, 17]
[0, 27, 9, 18, 15, 23, 28, 12]
[0, 27, 9, 18, 15, 23, 30]
[0, 27, 9, 18, 15, 34, 10]
[0, 27, 9, 18, 15, 34, 43]
[0, 27, 9, 18, 33, 23, 24, 8]
[0, 27, 9, 18, 33, 23, 28]
[0, 27, 9, 18, 33, 34, 10]
[0, 27, 9, 18, 35]
[0, 27, 9, 18, 36]
[0, 27, 9, 18, 43]
[0, 27, 33, 23, 9, 8, 12, 13, 10, 18, 15]
[0, 27, 33, 23, 9, 8, 12, 13, 15, 34]
[0, 27, 33, 23, 9, 8, 12, 13, 24]
[0, 27, 33, 23, 9, 8, 12, 17, 19, 18]
[0, 27, 33, 23, 9, 8, 12, 17, 22]
[0, 27, 33, 23, 9, 8, 12, 18, 10]
[0, 27, 33, 23, 9, 8, 12, 25]
[0, 27, 33, 23, 9, 8, 19, 18, 10]
[0, 27, 33, 23, 9, 8, 19, 18, 15]
[0, 27, 33, 23, 9, 8, 19, 21, 10]
[0, 27, 33, 23, 9, 8, 32]
[0, 27, 33, 23, 9, 17, 19, 18, 10]
[0, 27, 33, 23, 9, 17, 19, 18, 15]
[0, 27, 33, 23, 9, 17, 19, 21, 10]
[0, 27, 33, 23, 9, 17, 22, 10, 18]
[0, 27, 33, 23, 9, 17, 22, 15]
[0, 27, 33, 23, 9, 18, 10]
[0, 27, 33, 23, 9, 18, 15, 34]
[0, 27, 33, 23, 9, 18, 35]
[0, 27, 33, 23, 24, 8, 12, 13, 9, 17]
[0, 27, 33, 23, 24, 8, 12, 13, 10]
[0, 27, 33, 23, 24, 8, 12, 17, 19]
[0, 27, 33, 23, 24, 8, 12, 18]
[0, 27, 33, 23, 24, 8, 19, 18, 10]
[0, 27, 33, 23, 24, 8, 19, 21]
[0, 27, 33, 23, 24, 8, 32]
[0, 27, 33, 23, 24, 17, 19, 18, 10]
[0, 27, 33, 23, 24, 17, 19, 21]
[0, 27, 33, 23, 24, 17, 22, 9]
[0, 27, 33, 23, 24, 18, 10]
[0, 27, 33, 23, 24, 18, 15]
[0, 27, 33, 23, 24, 25]
[0, 27, 33, 23, 28, 12, 13, 9, 8]
[0, 27, 33, 23, 28, 12, 13, 10]
[0, 27, 33, 23, 28, 12, 17, 19]
[0, 27, 33, 23, 28, 12, 18]
[0, 27, 33, 23, 28, 19, 18, 10]
[0, 27, 33, 23, 28, 19, 21]
[0, 27, 33, 23, 28, 29]
[0, 27, 33, 23, 30, 8, 12, 13]
[0, 27, 33, 23, 30, 8, 19]
[0, 27, 33, 23, 30, 17, 19]
[0, 27, 33, 23, 30, 18]
[0, 27, 33, 23, 31, 12, 13]
[0, 27, 33, 23, 31, 19]
[0, 27, 33, 23, 35]
[0, 27, 33, 23, 36]
[0, 27, 33, 34, 10, 18, 15, 23, 9, 8]
[0, 27, 33, 34, 10, 18, 15, 23, 24]
[0, 27, 33, 34, 10, 18, 35]
[0, 27, 33, 34, 10, 18, 36]
[0, 27, 33, 34, 10, 18, 43]
[0, 27, 33, 34, 15, 23, 9, 8, 12]
[0, 27, 33, 34, 15, 23, 9, 17]
[0, 27, 33, 34, 15, 23, 24, 8]
[0, 27, 33, 34, 15, 23, 28]
[0, 27, 33, 34, 43]
[0, 27, 35]
[0, 27, 36]
[0, 27, 37]
[0, 27, 40]
[0, 27, 41]
[0, 27, 43]
[1, 7, 8, 12, 13, 9, 17, 19, 18, 10, 27, 33]
[1, 7, 8, 12, 13, 9, 17, 19, 18, 15, 23]
[1, 7, 8, 12, 13, 9, 17, 19, 18, 33]
[1, 7, 8, 12, 13, 9, 17, 19, 21, 10, 18]
[1, 7, 8, 12, 13, 9, 17, 19, 21, 15]
[1, 7, 8, 12, 13, 9, 17, 19, 27, 33]
[1, 7, 8, 12, 13, 9, 17, 22, 10, 18, 15]
[1, 7, 8, 12, 13, 9, 17, 22, 10, 27]
[1, 7, 8, 12, 13, 9, 17, 22, 15, 23]
[1, 7, 8, 12, 13, 9, 17, 22, 24]
[1, 7, 8, 12, 13, 9, 18, 10, 27, 33, 23]
[1, 7, 8, 12, 13, 9, 18, 10, 27, 35]
[1, 7, 8, 12, 13, 9, 18, 15, 23, 24]
[1, 7, 8, 12, 13, 9, 18, 15, 34]
[1, 7, 8, 12, 13, 9, 18, 33, 23]
[1, 7, 8, 12, 13, 9, 18, 35]
[1, 7, 8, 12, 13, 9, 27, 33, 23, 24]
[1, 7, 8, 12, 13, 9, 27, 33, 34]
[1, 7, 8, 12, 13, 9, 27, 35]
[1, 7, 8, 12, 13, 9, 27, 36]
[1, 7, 8, 12, 13, 10, 18, 15, 23, 9, 17]
[1, 7, 8, 12, 13, 10, 18, 15, 23, 24]
[1, 7, 8, 12, 13, 10, 18, 15, 34, 43]
[1, 7, 8, 12, 13, 10, 18, 33, 23, 9]
[1, 7, 8, 12, 13, 10, 18, 33, 34]
[1, 7, 8, 12, 13, 10, 18, 35]
[1, 7, 8, 12, 13, 10, 18, 36]
[1, 7, 8, 12, 13, 10, 27, 9, 17, 19]
[1, 7, 8, 12, 13, 10, 27, 9, 18]
[1, 7, 8, 12, 13, 10, 27, 33, 23]
[1, 7, 8, 12, 13, 10, 27, 35]
[1, 7, 8, 12, 13, 15, 23, 9, 17, 19]
[1, 7, 8, 12, 13, 15, 23, 9, 18]
[1, 7, 8, 12, 13, 15, 23, 24, 17]
[1, 7, 8, 12, 13, 15, 23, 28]
[1, 7, 8, 12, 13, 15, 34, 10, 18]
[1, 7, 8, 12, 13, 15, 34, 43]
[1, 7, 8, 12, 13, 24, 17, 19, 18]
[1, 7, 8, 12, 13, 24, 17, 22]
[1, 7, 8, 12, 13, 24, 18, 10]
[1, 7, 8, 12, 13, 24, 25]
[1, 7, 8, 12, 13, 28, 19, 18]
[1, 7, 8, 12, 13, 28, 29]
[1, 7, 8, 12, 13, 30, 17]
[1, 7, 8, 12, 13, 31]
[1, 7, 8, 12, 17, 19, 18, 10, 27, 9]
[1, 7, 8, 12, 17, 19, 18, 10, 27, 33]
[1, 7, 8, 12, 17, 19, 18, 15, 23, 9]
[1, 7, 8, 12, 17, 19, 18, 15, 34]
[1, 7, 8, 12, 17, 19, 18, 33, 23]
[1, 7, 8, 12, 17, 19, 18, 35]
[1, 7, 8, 12, 17, 19, 21, 9, 18, 10]
[1, 7, 8, 12, 17, 19, 21, 9, 27]
[1, 7, 8, 12, 17, 19, 21, 10, 18]
[1, 7, 8, 12, 17, 19, 21, 15]
[1, 7, 8, 12, 17, 19, 27, 9, 18]
[1, 7, 8, 12, 17, 19, 27, 33]
[1, 7, 8, 12, 17, 22, 9, 18, 10, 27]
[1, 7, 8, 12, 17, 22, 9, 18, 15]
[1, 7, 8, 12, 17, 22, 9, 27, 33]
[1, 7, 8, 12, 17, 22, 10, 18, 15]
[1, 7, 8, 12, 17, 22, 10, 27]
[1, 7, 8, 12, 17, 22, 15, 23]
[1, 7, 8, 12, 17, 22, 24]
[1, 7, 8, 12, 18, 10, 27, 9, 17, 19]
[1, 7, 8, 12, 18, 10, 27, 33, 23]
[1, 7, 8, 12, 18, 10, 27, 35]
[1, 7, 8, 12, 18, 15, 23, 9, 17]
[1, 7, 8, 12, 18, 15, 23, 24]
[1, 7, 8, 12, 18, 15, 34, 10]
[1, 7, 8, 12, 18, 33, 23, 9]
[1, 7, 8, 12, 18, 33, 34]
[1, 7, 8, 12, 18, 35]
[1, 7, 8, 12, 18, 36]
[1, 7, 8, 12, 25]
[1, 7, 8, 12, 26]
[1, 7, 8, 12, 27, 9, 17]
[1, 7, 8, 12, 27, 33]
[1, 7, 8, 19, 18, 10, 27, 9, 17, 22, 15]
[1, 7, 8, 19, 18, 10, 27, 33, 23, 9]
[1, 7, 8, 19, 18, 10, 27, 33, 34]
[1, 7, 8, 19, 18, 10, 27, 35]
[1, 7, 8, 19, 18, 10, 27, 36]
[1, 7, 8, 19, 18, 15, 23, 9, 17, 22]
[1, 7, 8, 19, 18, 15, 23, 9, 27]
[1, 7, 8, 19, 18, 15, 23, 24, 17]
[1, 7, 8, 19, 18, 15, 23, 28]
[1, 7, 8, 19, 18, 15, 34, 10, 27]
[1, 7, 8, 19, 18, 15, 34, 43]
[1, 7, 8, 19, 18, 33, 23, 9, 17]
[1, 7, 8, 19, 18, 33, 23, 24]
[1, 7, 8, 19, 18, 33, 34, 10]
[1, 7, 8, 19, 18, 35]
[1, 7, 8, 19, 18, 36]
[1, 7, 8, 19, 18, 43]
[1, 7, 8, 19, 21, 9, 17, 22, 10, 18]
[1, 7, 8, 19, 21, 9, 17, 22, 15]
[1, 7, 8, 19, 21, 9, 18, 10, 27]
[1, 7, 8, 19, 21, 9, 18, 15]
[1, 7, 8, 19, 21, 9, 27, 33]
[1, 7, 8, 19, 21, 10, 18, 15, 23]
[1, 7, 8, 19, 21, 10, 18, 33]
[1, 7, 8, 19, 21, 10, 27, 9]
[1, 7, 8, 19, 21, 15, 23, 9]
[1, 7, 8, 19, 21, 15, 34]
[1, 7, 8, 19, 21, 24, 17]
[1, 7, 8, 19, 21, 28]
[1, 7, 8, 19, 27, 9, 17, 22, 10]
[1, 7, 8, 19, 27, 9, 18, 10]
[1, 7, 8, 19, 27, 33, 23, 9]
[1, 7, 8, 19, 27, 33, 34]
[1, 7, 8, 19, 27, 35]
[1, 7, 8, 19, 27, 36]
[1, 7, 8, 32]
[1, 7, 11, 12, 13, 9, 8, 19, 18, 10, 27]
[1, 7, 11, 12, 13, 9, 8, 19, 18, 15]
[1, 7, 11, 12, 13, 9, 8, 19, 21, 10]
[1, 7, 11, 12, 13, 9, 8, 19, 27]
[1, 7, 11, 12, 13, 9, 8, 32]
[1, 7, 11, 12, 13, 9, 17, 19, 18, 10]
[1, 7, 11, 12, 13, 9, 17, 19, 21]
[1, 7, 11, 12, 13, 9, 17, 22, 10]
[1, 7, 11, 12, 13, 9, 18, 10, 27]
[1, 7, 11, 12, 13, 9, 18, 15]
[1, 7, 11, 12, 13, 9, 27, 33]
[1, 7, 11, 12, 13, 10, 18, 15, 23, 9]
[1, 7, 11, 12, 13, 10, 18, 15, 34]
[1, 7, 11, 12, 13, 10, 18, 33, 23]
[1, 7, 11, 12, 13, 10, 18, 35]
[1, 7, 11, 12, 13, 10, 27, 9, 8]
[1, 7, 11, 12, 13, 10, 27, 33]
[1, 7, 11, 12, 13, 15, 23, 9, 8]
[1, 7, 11, 12, 13, 15, 23, 24]
[1, 7, 11, 12, 13, 15, 34, 10]
[1, 7, 11, 12, 13, 24, 8, 19]
[1, 7, 11, 12, 13, 24, 17]
[1, 7, 11, 12, 13, 28, 19]
[1, 7, 11, 12, 13, 30]
[1, 7, 11, 12, 17, 19, 18, 10, 27, 9]
[1, 7, 11, 12, 17, 19, 18, 15, 23]
[1, 7, 11, 12, 17, 19, 18, 33]
[1, 7, 11, 12, 17, 19, 21, 9, 8]
[1, 7, 11, 12, 17, 19, 21, 10]
[1, 7, 11, 12, 17, 19, 27, 9]
[1, 7, 11, 12, 17, 22, 9, 8, 19]
[1, 7, 11, 12, 17, 22, 9, 18]
[1, 7, 11, 12, 17, 22, 10, 18]
[1, 7, 11, 12, 17, 22, 15]
[1, 7, 11, 12, 18, 10, 27, 9, 8]
[1, 7, 11, 12, 18, 10, 27, 33]
[1, 7, 11, 12, 18, 15, 23, 9]
[1, 7, 11, 12, 18, 15, 34]
[1, 7, 11, 12, 18, 33, 23]
[1, 7, 11, 12, 18, 35]
[1, 7, 11, 12, 25]
[1, 7, 11, 12, 26]
[1, 7, 11, 12, 27, 9]
[1, 7, 11, 14, 9, 8, 12, 13, 10, 18]
[1, 7, 11, 14, 9, 8, 12, 13, 15]
[1, 7, 11, 14, 9, 8, 12, 17, 19]
[1, 7, 11, 14, 9, 8, 12, 18]
[1, 7, 11, 14, 9, 8, 19, 18, 10]
[1, 7, 11, 14, 9, 8, 19, 21]
[1, 7, 11, 14, 9, 8, 32]
[1, 7, 11, 14, 9, 17, 19, 18, 10]
[1, 7, 11, 14, 9, 17, 19, 21]
[1, 7, 11, 14, 9, 17, 22, 10]
[1, 7, 11, 14, 9, 18, 10, 27]
[1, 7, 11, 14, 9, 18, 15]
[1, 7, 11, 14, 9, 27, 33]
[1, 7, 11, 14, 10, 18, 15, 23, 9]
[1, 7, 11, 14, 10, 18, 15, 34]
[1, 7, 11, 14, 10, 18, 33, 23]
[1, 7, 11, 14, 10, 18, 35]
[1, 7, 11, 14, 10, 27, 9, 8]
[1, 7, 11, 14, 10, 27, 33]
[1, 7, 11, 14, 15, 23, 9, 8]
[1, 7, 11, 14, 15, 23, 24]
[1, 7, 11, 14, 15, 34, 10]
[1, 7, 11, 14, 24, 8, 12]
[1, 7, 11, 14, 24, 17]
[1, 7, 11, 14, 28, 12]
[1, 7, 11, 14, 30]
[1, 7, 11, 19, 18, 10, 27, 9, 8]
[1, 7, 11, 19, 18, 10, 27, 33]
[1, 7, 11, 19, 18, 15, 23, 9]
[1, 7, 11, 19, 18, 15, 34]
[1, 7, 11, 19, 18, 33, 23]
[1, 7, 11, 19, 18, 35]
[1, 7, 11, 19, 21, 9, 8, 12]
[1, 7, 11, 19, 21, 9, 17]
[1, 7, 11, 19, 21, 10, 18]
[1, 7, 11, 19, 21, 15]
[1, 7, 11, 19, 27, 9, 8]
[1, 7, 11, 19, 27, 33]
[1, 7, 11, 29]
[1, 7, 11, 32]
[1, 7, 17, 19, 18, 10, 27, 9, 8, 12]
[1, 7, 17, 19, 18, 10, 27, 33, 23]
[1, 7, 17, 19, 18, 10, 27, 35]
[1, 7, 17, 19, 18, 15, 23, 9, 8]
[1, 7, 17, 19, 18, 15, 23, 24]
[1, 7, 17, 19, 18, 15, 34, 10]
[1, 7, 17, 19, 18, 33, 23, 9]
[1, 7, 17, 19, 18, 33, 34]
[1, 7, 17, 19, 18, 35]
[1, 7, 17, 19, 18, 36]
[1, 7, 17, 19, 21, 9, 8, 12, 13]
[1, 7, 17, 19, 21, 9, 8, 32]
[1, 7, 17, 19, 21, 9, 18, 10]
[1, 7, 17, 19, 21, 9, 27]
[1, 7, 17, 19, 21, 10, 18, 15]
[1, 7, 17, 19, 21, 10, 27]
[1, 7, 17, 19, 21, 15, 23]
[1, 7, 17, 19, 21, 24]
[1, 7, 17, 19, 27, 9, 8, 12]
[1, 7, 17, 19, 27, 9, 18]
[1, 7, 17, 19, 27, 33, 23]
[1, 7, 17, 19, 27, 35]
[1, 7, 17, 22, 9, 8, 12, 13, 10]
[1, 7, 17, 22, 9, 8, 12, 18]
[1, 7, 17, 22, 9, 8, 19, 18]
[1, 7, 17, 22, 9, 8, 32]
[1, 7, 17, 22, 9, 18, 10, 27]
[1, 7, 17, 22, 9, 18, 15]
[1, 7, 17, 22, 9, 27, 33]
[1, 7, 17, 22, 10, 18, 15, 23]
[1, 7, 17, 22, 10, 18, 33]
[1, 7, 17, 22, 10, 27, 9]
[1, 7, 17, 22, 15, 23, 9]
[1, 7, 17, 22, 15, 34]
[1, 7, 17, 22, 24, 8]
[1, 7, 17, 22, 28]
[1, 7, 18, 10, 27, 9, 8, 12, 13]
[1, 7, 18, 10, 27, 9, 8, 19]
[1, 7, 18, 10, 27, 9, 17, 19]
[1, 7, 18, 10, 27, 33, 23, 9]
[1, 7, 18, 10, 27, 33, 34]
[1, 7, 18, 10, 27, 35]
[1, 7, 18, 10, 27, 36]
[1, 7, 18, 15, 23, 9, 8, 12]
[1, 7, 18, 15, 23, 9, 17]
[1, 7, 18, 15, 23, 24, 8]
[1, 7, 18, 15, 23, 28]
[1, 7, 18, 15, 34, 10, 27]
[1, 7, 18, 15, 34, 43]
[1, 7, 18, 33, 23, 9, 8]
[1, 7, 18, 33, 23, 24]
[1, 7, 18, 33, 34, 10]
[1, 7, 18, 35]
[1, 7, 18, 36]
[1, 7, 18, 43]
[1, 7, 25]
[1, 7, 26]
[1, 7, 27, 9, 8, 12]
[1, 7, 27, 9, 17]
[1, 7, 27, 33, 23]
[1, 7, 27, 35]
[1, 12, 13, 9, 8, 19, 18, 10, 27, 33, 23, 24]
[1, 12, 13, 9, 8, 19, 18, 10, 27, 33, 34]
[1, 12, 13, 9, 8, 19, 18, 10, 27, 35]
[1, 12, 13, 9, 8, 19, 18, 10, 27, 36]
[1, 12, 13, 9, 8, 19, 18, 15, 23, 24, 17]
[1, 12, 13, 9, 8, 19, 18, 15, 23, 28]
[1, 12, 13, 9, 8, 19, 18, 15, 34, 10]
[1, 12, 13, 9, 8, 19, 18, 33, 23, 24]
[1, 12, 13, 9, 8, 19, 18, 33, 34]
[1, 12, 13, 9, 8, 19, 18, 35]
[1, 12, 13, 9, 8, 19, 18, 36]
[1, 12, 13, 9, 8, 19, 21, 10, 18, 15, 23]
[1, 12, 13, 9, 8, 19, 21, 10, 18, 33]
[1, 12, 13, 9, 8, 19, 21, 10, 27, 33]
[1, 12, 13, 9, 8, 19, 21, 15, 23, 24]
[1, 12, 13, 9, 8, 19, 21, 15, 34]
[1, 12, 13, 9, 8, 19, 21, 24, 17]
[1, 12, 13, 9, 8, 19, 21, 28]
[1, 12, 13, 9, 8, 19, 27, 33, 23, 24]
[1, 12, 13, 9, 8, 19, 27, 33, 34]
[1, 12, 13, 9, 8, 19, 27, 35]
[1, 12, 13, 9, 8, 19, 27, 36]
[1, 12, 13, 9, 8, 32]
[1, 12, 13, 9, 17, 19, 18, 10, 27, 33, 23]
[1, 12, 13, 9, 17, 19, 18, 10, 27, 35]
[1, 12, 13, 9, 17, 19, 18, 15, 23, 24]
[1, 12, 13, 9, 17, 19, 18, 15, 34]
[1, 12, 13, 9, 17, 19, 18, 33, 23]
[1, 12, 13, 9, 17, 19, 18, 35]
[1, 12, 13, 9, 17, 19, 21, 10, 18, 15]
[1, 12, 13, 9, 17, 19, 21, 10, 27]
[1, 12, 13, 9, 17, 19, 21, 15, 23]
[1, 12, 13, 9, 17, 19, 21, 24]
[1, 12, 13, 9, 17, 19, 27, 33, 23]
[1, 12, 13, 9, 17, 19, 27, 35]
[1, 12, 13, 9, 17, 22, 10, 18, 15, 23]
[1, 12, 13, 9, 17, 22, 10, 18, 33]
[1, 12, 13, 9, 17, 22, 10, 27, 33]
[1, 12, 13, 9, 17, 22, 15, 23, 24]
[1, 12, 13, 9, 17, 22, 15, 34]
[1, 12, 13, 9, 17, 22, 24, 8]
[1, 12, 13, 9, 17, 22, 28]
[1, 12, 13, 9, 18, 10, 27, 33, 23, 24]
[1, 12, 13, 9, 18, 10, 27, 33, 34]
[1, 12, 13, 9, 18, 10, 27, 35]
[1, 12, 13, 9, 18, 10, 27, 36]
[1, 12, 13, 9, 18, 15, 23, 24, 8]
[1, 12, 13, 9, 18, 15, 23, 28]
[1, 12, 13, 9, 18, 15, 34, 10]
[1, 12, 13, 9, 18, 33, 23, 24]
[1, 12, 13, 9, 18, 33, 34]
[1, 12, 13, 9, 18, 35]
[1, 12, 13, 9, 18, 36]
[1, 12, 13, 9, 27, 33, 23, 24, 8]
[1, 12, 13, 9, 27, 33, 23, 28]
[1, 12, 13, 9, 27, 33, 34, 10]
[1, 12, 13, 9, 27, 35]
[1, 12, 13, 9, 27, 36]
[1, 12, 13, 9, 27, 37]
[1, 12, 13, 10, 18, 15, 23, 9, 8, 19, 21]
[1, 12, 13, 10, 18, 15, 23, 9, 8, 32]
[1, 12, 13, 10, 18, 15, 23, 9, 17, 19]
[1, 12, 13, 10, 18, 15, 23, 9, 27]
[1, 12, 13, 10, 18, 15, 23, 24, 8, 19]
[1, 12, 13, 10, 18, 15, 23, 24, 17]
[1, 12, 13, 10, 18, 15, 23, 28, 19]
[1, 12, 13, 10, 18, 15, 23, 30]
[1, 12, 13, 10, 18, 15, 34, 43]
[1, 12, 13, 10, 18, 33, 23, 9, 8, 19]
[1, 12, 13, 10, 18, 33, 23, 9, 17]
[1, 12, 13, 10, 18, 33, 23, 24, 8]
[1, 12, 13, 10, 18, 33, 23, 28]
[1, 12, 13, 10, 18, 33, 34, 15, 23]
[1, 12, 13, 10, 18, 33, 34, 43]
[1, 12, 13, 10, 18, 35]
[1, 12, 13, 10, 18, 36]
[1, 12, 13, 10, 18, 43]
[1, 12, 13, 10, 27, 9, 8, 19, 18, 15]
[1, 12, 13, 10, 27, 9, 8, 19, 21]
[1, 12, 13, 10, 27, 9, 8, 32]
[1, 12, 13, 10, 27, 9, 17, 19, 18]
[1, 12, 13, 10, 27, 9, 17, 22]
[1, 12, 13, 10, 27, 9, 18, 15]
[1, 12, 13, 10, 27, 33, 23, 9, 8]
[1, 12, 13, 10, 27, 33, 23, 24]
[1, 12, 13, 10, 27, 33, 34, 15]
[1, 12, 13, 10, 27, 35]
[1, 12, 13, 10, 27, 36]
[1, 12, 13, 10, 27, 37]
[1, 12, 13, 15, 23, 9, 8, 19, 18, 10]
[1, 12, 13, 15, 23, 9, 8, 19, 21]
[1, 12, 13, 15, 23, 9, 8, 32]
[1, 12, 13, 15, 23, 9, 17, 19, 18]
[1, 12, 13, 15, 23, 9, 17, 22]
[1, 12, 13, 15, 23, 9, 18, 10]
[1, 12, 13, 15, 23, 9, 27]
[1, 12, 13, 15, 23, 24, 8, 19, 18]
[1, 12, 13, 15, 23, 24, 8, 32]
[1, 12, 13, 15, 23, 24, 17, 19]
[1, 12, 13, 15, 23, 24, 18]
[1, 12, 13, 15, 23, 28, 19, 18]
[1, 12, 13, 15, 23, 28, 29]
[1, 12, 13, 15, 23, 30, 8]
[1, 12, 13, 15, 23, 31]
[1, 12, 13, 15, 34, 10, 18, 33, 23]
[1, 12, 13, 15, 34, 10, 18, 35]
[1, 12, 13, 15, 34, 10, 27, 9]
[1, 12, 13, 15, 34, 43]
[1, 12, 13, 24, 8, 19, 18, 10, 27]
[1, 12, 13, 24, 8, 19, 18, 15]
[1, 12, 13, 24, 8, 19, 21, 9]
[1, 12, 13, 24, 8, 19, 27]
[1, 12, 13, 24, 8, 32]
[1, 12, 13, 24, 17, 19, 18, 10]
[1, 12, 13, 24, 17, 19, 21]
[1, 12, 13, 24, 17, 22, 9]
[1, 12, 13, 24, 18, 10, 27]
[1, 12, 13, 24, 18, 15]
[1, 12, 13, 24, 25]
[1, 12, 13, 24, 27]
[1, 12, 13, 28, 19, 18, 10, 27]
[1, 12, 13, 28, 19, 18, 15]
[1, 12, 13, 28, 19, 21, 9]
[1, 12, 13, 28, 19, 27]
[1, 12, 13, 28, 29]
[1, 12, 13, 30, 8, 19, 18]
[1, 12, 13, 30, 8, 32]
[1, 12, 13, 30, 17, 19]
[1, 12, 13, 30, 18]
[1, 12, 13, 31, 19, 18]
[1, 12, 13, 31, 32]
[1, 12, 13, 33, 23]
[1, 12, 13, 35]
[1, 12, 17, 19, 18, 10, 27, 9, 8, 32]
[1, 12, 17, 19, 18, 10, 27, 33, 23, 9]
[1, 12, 17, 19, 18, 10, 27, 33, 34]
[1, 12, 17, 19, 18, 10, 27, 35]
[1, 12, 17, 19, 18, 10, 27, 36]
[1, 12, 17, 19, 18, 15, 23, 9, 8, 32]
[1, 12, 17, 19, 18, 15, 23, 9, 27]
[1, 12, 17, 19, 18, 15, 23, 24, 8]
[1, 12, 17, 19, 18, 15, 23, 28]
[1, 12, 17, 19, 18, 15, 34, 10, 27]
[1, 12, 17, 19, 18, 15, 34, 43]
[1, 12, 17, 19, 18, 33, 23, 9, 8]
[1, 12, 17, 19, 18, 33, 23, 24]
[1, 12, 17, 19, 18, 33, 34, 10]
[1, 12, 17, 19, 18, 35]
[1, 12, 17, 19, 18, 36]
[1, 12, 17, 19, 18, 43]
[1, 12, 17, 19, 21, 9, 8, 32]
[1, 12, 17, 19, 21, 9, 18, 10, 27]
[1, 12, 17, 19, 21, 9, 18, 15]
[1, 12, 17, 19, 21, 9, 27, 33]
[1, 12, 17, 19, 21, 10, 18, 15, 23]
[1, 12, 17, 19, 21, 10, 18, 33]
[1, 12, 17, 19, 21, 10, 27, 9]
[1, 12, 17, 19, 21, 15, 23, 9]
[1, 12, 17, 19, 21, 15, 34]
[1, 12, 17, 19, 21, 24, 8]
[1, 12, 17, 19, 21, 28]
[1, 12, 17, 19, 27, 9, 8, 32]
[1, 12, 17, 19, 27, 9, 18, 10]
[1, 12, 17, 19, 27, 33, 23, 9]
[1, 12, 17, 19, 27, 33, 34]
[1, 12, 17, 19, 27, 35]
[1, 12, 17, 19, 27, 36]
[1, 12, 17, 22, 9, 8, 19, 18, 10, 27]
[1, 12, 17, 22, 9, 8, 19, 18, 15]
[1, 12, 17, 22, 9, 8, 19, 21, 10]
[1, 12, 17, 22, 9, 8, 19, 27]
[1, 12, 17, 22, 9, 8, 32]
[1, 12, 17, 22, 9, 18, 10, 27, 33]
[1, 12, 17, 22, 9, 18, 15, 23]
[1, 12, 17, 22, 9, 18, 33]
[1, 12, 17, 22, 9, 27, 33, 23]
[1, 12, 17, 22, 9, 27, 35]
[1, 12, 17, 22, 10, 18, 15, 23, 9]
[1, 12, 17, 22, 10, 18, 15, 34]
[1, 12, 17, 22, 10, 18, 33, 23]
[1, 12, 17, 22, 10, 18, 35]
[1, 12, 17, 22, 10, 27, 9, 8]
[1, 12, 17, 22, 10, 27, 33]
[1, 12, 17, 22, 15, 23, 9, 8]
[1, 12, 17, 22, 15, 23, 24]
[1, 12, 17, 22, 15, 34, 10]
[1, 12, 17, 22, 24, 8, 19]
[1, 12, 17, 22, 24, 18]
[1, 12, 17, 22, 28, 19]
[1, 12, 17, 22, 30]
[1, 12, 18, 10, 27, 9, 8, 19, 21, 15]
[1, 12, 18, 10, 27, 9, 8, 32]
[1, 12, 18, 10, 27, 9, 17, 19, 21]
[1, 12, 18, 10, 27, 9, 17, 22]
[1, 12, 18, 10, 27, 33, 23, 9, 8]
[1, 12, 18, 10, 27, 33, 23, 24]
[1, 12, 18, 10, 27, 33, 34, 15]
[1, 12, 18, 10, 27, 35]
[1, 12, 18, 10, 27, 36]
[1, 12, 18, 10, 27, 37]
[1, 12, 18, 15, 23, 9, 8, 19, 21]
[1, 12, 18, 15, 23, 9, 8, 32]
[1, 12, 18, 15, 23, 9, 17, 19]
[1, 12, 18, 15, 23, 9, 27]
[1, 12, 18, 15, 23, 24, 8, 19]
[1, 12, 18, 15, 23, 24, 17]
[1, 12, 18, 15, 23, 28, 19]
[1, 12, 18, 15, 23, 30]
[1, 12, 18, 15, 34, 10, 27, 9]
[1, 12, 18, 15, 34, 43]
[1, 12, 18, 33, 23, 9, 8, 19]
[1, 12, 18, 33, 23, 9, 17]
[1, 12, 18, 33, 23, 24, 8]
[1, 12, 18, 33, 23, 28]
[1, 12, 18, 33, 34, 10, 27]
[1, 12, 18, 33, 34, 15]
[1, 12, 18, 35]
[1, 12, 18, 36]
[1, 12, 18, 43]
[1, 12, 25]
[1, 12, 26]
[1, 12, 27, 9, 8, 19, 18]
[1, 12, 27, 9, 8, 32]
[1, 12, 27, 9, 17, 19]
[1, 12, 27, 9, 18]
[1, 12, 27, 33, 23, 9]
[1, 12, 27, 33, 34]
[1, 12, 27, 35]
[1, 12, 27, 36]
[1, 14, 9, 8, 12, 13, 10, 18, 15, 23, 24, 17]
[1, 14, 9, 8, 12, 13, 10, 18, 15, 23, 28]
[1, 14, 9, 8, 12, 13, 10, 18, 15, 34, 43]
[1, 14, 9, 8, 12, 13, 10, 18, 33, 23, 24]
[1, 14, 9, 8, 12, 13, 10, 18, 33, 34]
[1, 14, 9, 8, 12, 13, 10, 18, 35]
[1, 14, 9, 8, 12, 13, 10, 18, 36]
[1, 14, 9, 8, 12, 13, 10, 27, 33, 23, 24]
[1, 14, 9, 8, 12, 13, 10, 27, 33, 34]
[1, 14, 9, 8, 12, 13, 10, 27, 35]
[1, 14, 9, 8, 12, 13, 10, 27, 36]
[1, 14, 9, 8, 12, 13, 15, 23, 24, 17, 19]
[1, 14, 9, 8, 12, 13, 15, 23, 24, 18]
[1, 14, 9, 8, 12, 13, 15, 23, 28, 19]
[1, 14, 9, 8, 12, 13, 15, 23, 30]
[1, 14, 9, 8, 12, 13, 15, 34, 10, 18]
[1, 14, 9, 8, 12, 13, 15, 34, 43]
[1, 14, 9, 8, 12, 13, 24, 17, 19, 18]
[1, 14, 9, 8, 12, 13, 24, 17, 22]
[1, 14, 9, 8, 12, 13, 24, 18, 10]
[1, 14, 9, 8, 12, 13, 24, 25]
[1, 14, 9, 8, 12, 13, 28, 19, 18]
[1, 14, 9, 8, 12, 13, 28, 29]
[1, 14, 9, 8, 12, 13, 30, 17]
[1, 14, 9, 8, 12, 13, 31]
[1, 14, 9, 8, 12, 17, 19, 18, 10, 27, 33]
[1, 14, 9, 8, 12, 17, 19, 18, 15, 23]
[1, 14, 9, 8, 12, 17, 19, 18, 33]
[1, 14, 9, 8, 12, 17, 19, 21, 10, 18]
[1, 14, 9, 8, 12, 17, 19, 21, 15]
[1, 14, 9, 8, 12, 17, 19, 27, 33]
[1, 14, 9, 8, 12, 17, 22, 10, 18, 15]
[1, 14, 9, 8, 12, 17, 22, 10, 27]
[1, 14, 9, 8, 12, 17, 22, 15, 23]
[1, 14, 9, 8, 12, 17, 22, 24]
[1, 14, 9, 8, 12, 18, 10, 27, 33, 23]
[1, 14, 9, 8, 12, 18, 10, 27, 35]
[1, 14, 9, 8, 12, 18, 15, 23, 24]
[1, 14, 9, 8, 12, 18, 15, 34]
[1, 14, 9, 8, 12, 18, 33, 23]
[1, 14, 9, 8, 12, 18, 35]
[1, 14, 9, 8, 12, 25]
[1, 14, 9, 8, 12, 26]
[1, 14, 9, 8, 12, 27, 33]
[1, 14, 9, 8, 19, 18, 10, 27, 33, 23, 24]
[1, 14, 9, 8, 19, 18, 10, 27, 33, 34]
[1, 14, 9, 8, 19, 18, 10, 27, 35]
[1, 14, 9, 8, 19, 18, 10, 27, 36]
[1, 14, 9, 8, 19, 18, 15, 23, 24, 17]
[1, 14, 9, 8, 19, 18, 15, 23, 28]
[1, 14, 9, 8, 19, 18, 15, 34, 10]
[1, 14, 9, 8, 19, 18, 33, 23, 24]
[1, 14, 9, 8, 19, 18, 33, 34]
[1, 14, 9, 8, 19, 18, 35]
[1, 14, 9, 8, 19, 18, 36]
[1, 14, 9, 8, 19, 21, 10, 18, 15, 23]
[1, 14, 9, 8, 19, 21, 10, 18, 33]
[1, 14, 9, 8, 19, 21, 10, 27, 33]
[1, 14, 9, 8, 19, 21, 15, 23, 24]
[1, 14, 9, 8, 19, 21, 15, 34]
[1, 14, 9, 8, 19, 21, 24, 17]
[1, 14, 9, 8, 19, 21, 28]
[1, 14, 9, 8, 19, 27, 33, 23, 24]
[1, 14, 9, 8, 19, 27, 33, 34]
[1, 14, 9, 8, 19, 27, 35]
[1, 14, 9, 8, 19, 27, 36]
[1, 14, 9, 8, 32]
[1, 14, 9, 17, 19, 18, 10, 27, 33, 23, 24]
[1, 14, 9, 17, 19, 18, 10, 27, 33, 34]
[1, 14, 9, 17, 19, 18, 10, 27, 35]
[1, 14, 9, 17, 19, 18, 10, 27, 36]
[1, 14, 9, 17, 19, 18, 15, 23, 24, 8]
[1, 14, 9, 17, 19, 18, 15, 23, 28]
[1, 14, 9, 17, 19, 18, 15, 34, 10]
[1, 14, 9, 17, 19, 18, 33, 23, 24]
[1, 14, 9, 17, 19, 18, 33, 34]
[1, 14, 9, 17, 19, 18, 35]
[1, 14, 9, 17, 19, 18, 36]
[1, 14, 9, 17, 19, 21, 10, 18, 15, 23]
[1, 14, 9, 17, 19, 21, 10, 18, 33]
[1, 14, 9, 17, 19, 21, 10, 27, 33]
[1, 14, 9, 17, 19, 21, 15, 23, 24]
[1, 14, 9, 17, 19, 21, 15, 34]
[1, 14, 9, 17, 19, 21, 24, 8]
[1, 14, 9, 17, 19, 21, 28]
[1, 14, 9, 17, 19, 27, 33, 23, 24]
[1, 14, 9, 17, 19, 27, 33, 34]
[1, 14, 9, 17, 19, 27, 35]
[1, 14, 9, 17, 19, 27, 36]
[1, 14, 9, 17, 22, 10, 18, 15, 23, 24]
[1, 14, 9, 17, 22, 10, 18, 15, 34]
[1, 14, 9, 17, 22, 10, 18, 33, 23]
[1, 14, 9, 17, 22, 10, 18, 35]
[1, 14, 9, 17, 22, 10, 27, 33, 23]
[1, 14, 9, 17, 22, 10, 27, 35]
[1, 14, 9, 17, 22, 15, 23, 24, 8]
[1, 14, 9, 17, 22, 15, 23, 28]
[1, 14, 9, 17, 22, 15, 34, 10]
[1, 14, 9, 17, 22, 24, 8, 12]
[1, 14, 9, 17, 22, 24, 18]
[1, 14, 9, 17, 22, 28, 12]
[1, 14, 9, 17, 22, 30]
[1, 14, 9, 18, 10, 27, 33, 23, 24, 8]
[1, 14, 9, 18, 10, 27, 33, 23, 28]
[1, 14, 9, 18, 10, 27, 33, 34, 15]
[1, 14, 9, 18, 10, 27, 35]
[1, 14, 9, 18, 10, 27, 36]
[1, 14, 9, 18, 10, 27, 37]
[1, 14, 9, 18, 15, 23, 24, 8, 12]
[1, 14, 9, 18, 15, 23, 24, 17]
[1, 14, 9, 18, 15, 23, 28, 12]
[1, 14, 9, 18, 15, 23, 30]
[1, 14, 9, 18, 15, 34, 10, 27]
[1, 14, 9, 18, 15, 34, 43]
[1, 14, 9, 18, 33, 23, 24, 8]
[1, 14, 9, 18, 33, 23, 28]
[1, 14, 9, 18, 33, 34, 10]
[1, 14, 9, 18, 35]
[1, 14, 9, 18, 36]
[1, 14, 9, 18, 43]
[1, 14, 9, 27, 33, 23, 24, 8, 12]
[1, 14, 9, 27, 33, 23, 24, 17]
[1, 14, 9, 27, 33, 23, 28, 12]
[1, 14, 9, 27, 33, 23, 30]
[1, 14, 9, 27, 33, 34, 10, 18]
[1, 14, 9, 27, 33, 34, 15]
[1, 14, 9, 27, 35]
[1, 14, 9, 27, 36]
[1, 14, 9, 27, 37]
[1, 14, 9, 27, 40]
[1, 14, 10, 18, 15, 23, 9, 8, 12, 13, 24]
[1, 14, 10, 18, 15, 23, 9, 8, 12, 17]
[1, 14, 10, 18, 15, 23, 9, 8, 19, 21]
[1, 14, 10, 18, 15, 23, 9, 8, 32]
[1, 14, 10, 18, 15, 23, 9, 17, 19, 21]
[1, 14, 10, 18, 15, 23, 9, 17, 22]
[1, 14, 10, 18, 15, 23, 9, 27, 33]
[1, 14, 10, 18, 15, 23, 24, 8, 12, 13]
[1, 14, 10, 18, 15, 23, 24, 8, 19]
[1, 14, 10, 18, 15, 23, 24, 17, 19]
[1, 14, 10, 18, 15, 23, 24, 25]
[1, 14, 10, 18, 15, 23, 28, 12, 13]
[1, 14, 10, 18, 15, 23, 28, 19]
[1, 14, 10, 18, 15, 23, 30, 8]
[1, 14, 10, 18, 15, 23, 31]
[1, 14, 10, 18, 15, 34, 43]
[1, 14, 10, 18, 33, 23, 9, 8, 12, 13]
[1, 14, 10, 18, 33, 23, 9, 8, 19]
[1, 14, 10, 18, 33, 23, 9, 17, 19]
[1, 14, 10, 18, 33, 23, 9, 27]
[1, 14, 10, 18, 33, 23, 24, 8, 12]
[1, 14, 10, 18, 33, 23, 24, 17]
[1, 14, 10, 18, 33, 23, 28, 12]
[1, 14, 10, 18, 33, 23, 30]
[1, 14, 10, 18, 33, 34, 15, 23, 9]
[1, 14, 10, 18, 33, 34, 43]
[1, 14, 10, 18, 35]
[1, 14, 10, 18, 36]
[1, 14, 10, 18, 43]
[1, 14, 10, 27, 9, 8, 12, 13, 15, 23]
[1, 14, 10, 27, 9, 8, 12, 13, 24]
[1, 14, 10, 27, 9, 8, 12, 17, 19]
[1, 14, 10, 27, 9, 8, 12, 18]
[1, 14, 10, 27, 9, 8, 19, 18, 15]
[1, 14, 10, 27, 9, 8, 19, 21]
[1, 14, 10, 27, 9, 8, 32]
[1, 14, 10, 27, 9, 17, 19, 18, 15]
[1, 14, 10, 27, 9, 17, 19, 21]
[1, 14, 10, 27, 9, 17, 22, 15]
[1, 14, 10, 27, 9, 18, 15, 23]
[1, 14, 10, 27, 9, 18, 33]
[1, 14, 10, 27, 33, 23, 9, 8, 12]
[1, 14, 10, 27, 33, 23, 9, 17]
[1, 14, 10, 27, 33, 23, 24, 8]
[1, 14, 10, 27, 33, 23, 28]
[1, 14, 10, 27, 33, 34, 15, 23]
[1, 14, 10, 27, 33, 34, 43]
[1, 14, 10, 27, 35]
[1, 14, 10, 27, 36]
[1, 14, 10, 27, 37]
[1, 14, 10, 27, 40]
[1, 14, 15, 23, 9, 8, 12, 13, 10, 18]
[1, 14, 15, 23, 9, 8, 12, 13, 24]
[1, 14, 15, 23, 9, 8, 12, 17, 19]
[1, 14, 15, 23, 9, 8, 12, 18]
[1, 14, 15, 23, 9, 8, 19, 18, 10]
[1, 14, 15, 23, 9, 8, 19, 21]
[1, 14, 15, 23, 9, 8, 32]
[1, 14, 15, 23, 9, 17, 19, 18, 10]
[1, 14, 15, 23, 9, 17, 19, 21]
[1, 14, 15, 23, 9, 17, 22, 10]
[1, 14, 15, 23, 9, 18, 10, 27]
[1, 14, 15, 23, 9, 18, 33]
[1, 14, 15, 23, 9, 27, 33]
[1, 14, 15, 23, 24, 8, 12, 13, 9]
[1, 14, 15, 23, 24, 8, 12, 17]
[1, 14, 15, 23, 24, 8, 19, 18]
[1, 14, 15, 23, 24, 8, 32]
[1, 14, 15, 23, 24, 17, 19, 18]
[1, 14, 15, 23, 24, 17, 22]
[1, 14, 15, 23, 24, 18, 10]
[1, 14, 15, 23, 24, 25]
[1, 14, 15, 23, 28, 12, 13, 9]
[1, 14, 15, 23, 28, 12, 17]
[1, 14, 15, 23, 28, 19, 18]
[1, 14, 15, 23, 28, 29]
[1, 14, 15, 23, 30, 8, 12]
[1, 14, 15, 23, 30, 17]
[1, 14, 15, 23, 31, 12]
[1, 14, 15, 23, 33]
[1, 14, 15, 34, 10, 18, 33, 23, 9]
[1, 14, 15, 34, 10, 18, 35]
[1, 14, 15, 34, 10, 18, 36]
[1, 14, 15, 34, 10, 27, 9, 8]
[1, 14, 15, 34, 10, 27, 33]
[1, 14, 15, 34, 43]
[1, 14, 24, 8, 12, 13, 9, 17, 19]
[1, 14, 24, 8, 12, 13, 9, 18]
[1, 14, 24, 8, 12, 13, 10, 18]
[1, 14, 24, 8, 12, 13, 15]
[1, 14, 24, 8, 12, 17, 19, 18]
[1, 14, 24, 8, 12, 17, 22]
[1, 14, 24, 8, 12, 18, 10]
[1, 14, 24, 8, 12, 25]
[1, 14, 24, 8, 19, 18, 10, 27]
[1, 14, 24, 8, 19, 18, 15]
[1, 14, 24, 8, 19, 21, 9]
[1, 14, 24, 8, 19, 27]
[1, 14, 24, 8, 32]
[1, 14, 24, 17, 19, 18, 10, 27]
[1, 14, 24, 17, 19, 18, 15]
[1, 14, 24, 17, 19, 21, 9]
[1, 14, 24, 17, 19, 27]
[1, 14, 24, 17, 22, 9, 8]
[1, 14, 24, 17, 22, 10]
[1, 14, 24, 18, 10, 27, 9]
[1, 14, 24, 18, 15, 23]
[1, 14, 24, 18, 33]
[1, 14, 24, 25]
[1, 14, 24, 27, 9]
[1, 14, 28, 12, 13, 9, 8, 19]
[1, 14, 28, 12, 13, 9, 17]
[1, 14, 28, 12, 13, 10, 18]
[1, 14, 28, 12, 13, 15]
[1, 14, 28, 12, 17, 19, 18]
[1, 14, 28, 12, 17, 22]
[1, 14, 28, 12, 18, 10]
[1, 14, 28, 12, 25]
[1, 14, 28, 19, 18, 10, 27]
[1, 14, 28, 19, 18, 15]
[1, 14, 28, 19, 21, 9]
[1, 14, 28, 19, 27]
[1, 14, 28, 29]
[1, 14, 30, 8, 12, 13, 9]
[1, 14, 30, 8, 12, 17]
[1, 14, 30, 8, 19, 18]
[1, 14, 30, 8, 32]
[1, 14, 30, 17, 19, 18]
[1, 14, 30, 17, 22]
[1, 14, 30, 18, 10]
[1, 14, 30, 25]
[1, 14, 31, 12, 13, 9]
[1, 14, 31, 12, 17]
[1, 14, 31, 19, 18]
[1, 14, 31, 32]
[1, 14, 33, 23, 9]
[1, 14, 33, 34]
[1, 14, 35]
[1, 14, 36]
[1, 16, 8, 12, 13, 9, 17, 19, 18, 10, 27, 33]
[1, 16, 8, 12, 13, 9, 17, 19, 18, 15, 23]
[1, 16, 8, 12, 13, 9, 17, 19, 18, 33]
[1, 16, 8, 12, 13, 9, 17, 19, 21, 10, 18]
[1, 16, 8, 12, 13, 9, 17, 19, 21, 15]
[1, 16, 8, 12, 13, 9, 17, 19, 27, 33]
[1, 16, 8, 12, 13, 9, 17, 22, 10, 18, 15]
[1, 16, 8, 12, 13, 9, 17, 22, 10, 27]
[1, 16, 8, 12, 13, 9, 17, 22, 15, 23]
[1, 16, 8, 12, 13, 9, 17, 22, 24]
[1, 16, 8, 12, 13, 9, 18, 10, 27, 33, 23]
[1, 16, 8, 12, 13, 9, 18, 10, 27, 35]
[1, 16, 8, 12, 13, 9, 18, 15, 23, 24]
[1, 16, 8, 12, 13, 9, 18, 15, 34]
[1, 16, 8, 12, 13, 9, 18, 33, 23]
[1, 16, 8, 12, 13, 9, 18, 35]
[1, 16, 8, 12, 13, 9, 27, 33, 23, 24]
[1, 16, 8, 12, 13, 9, 27, 33, 34]
[1, 16, 8, 12, 13, 9, 27, 35]
[1, 16, 8, 12, 13, 9, 27, 36]
[1, 16, 8, 12, 13, 10, 18, 15, 23, 9, 17]
[1, 16, 8, 12, 13, 10, 18, 15, 23, 24]
[1, 16, 8, 12, 13, 10, 18, 15, 34, 43]
[1, 16, 8, 12, 13, 10, 18, 33, 23, 9]
[1, 16, 8, 12, 13, 10, 18, 33, 34]
[1, 16, 8, 12, 13, 10, 18, 35]
[1, 16, 8, 12, 13, 10, 18, 36]
[1, 16, 8, 12, 13, 10, 27, 9, 17, 19]
[1, 16, 8, 12, 13, 10, 27, 9, 18]
[1, 16, 8, 12, 13, 10, 27, 33, 23]
[1, 16, 8, 12, 13, 10, 27, 35]
[1, 16, 8, 12, 13, 15, 23, 9, 17, 19]
[1, 16, 8, 12, 13, 15, 23, 9, 18]
[1, 16, 8, 12, 13, 15, 23, 24, 17]
[1, 16, 8, 12, 13, 15, 23, 28]
[1, 16, 8, 12, 13, 15, 34, 10, 18]
[1, 16, 8, 12, 13, 15, 34, 43]
[1, 16, 8, 12, 13, 24, 17, 19, 18]
[1, 16, 8, 12, 13, 24, 17, 22]
[1, 16, 8, 12, 13, 24, 18, 10]
[1, 16, 8, 12, 13, 24, 25]
[1, 16, 8, 12, 13, 28, 19, 18]
[1, 16, 8, 12, 13, 28, 29]
[1, 16, 8, 12, 13, 30, 17]
[1, 16, 8, 12, 13, 31]
[1, 16, 8, 12, 17, 19, 18, 10, 27, 9]
[1, 16, 8, 12, 17, 19, 18, 10, 27, 33]
[1, 16, 8, 12, 17, 19, 18, 15, 23, 9]
[1, 16, 8, 12, 17, 19, 18, 15, 34]
[1, 16, 8, 12, 17, 19, 18, 33, 23]
[1, 16, 8, 12, 17, 19, 18, 35]
[1, 16, 8, 12, 17, 19, 21, 9, 18, 10]
[1, 16, 8, 12, 17, 19, 21, 9, 27]
[1, 16, 8, 12, 17, 19, 21, 10, 18]
[1, 16, 8, 12, 17, 19, 21, 15]
[1, 16, 8, 12, 17, 19, 27, 9, 18]
[1, 16, 8, 12, 17, 19, 27, 33]
[1, 16, 8, 12, 17, 22, 9, 18, 10, 27]
[1, 16, 8, 12, 17, 22, 9, 18, 15]
[1, 16, 8, 12, 17, 22, 9, 27, 33]
[1, 16, 8, 12, 17, 22, 10, 18, 15]
[1, 16, 8, 12, 17, 22, 10, 27]
[1, 16, 8, 12, 17, 22, 15, 23]
[1, 16, 8, 12, 17, 22, 24]
[1, 16, 8, 12, 18, 10, 27, 9, 17, 19]
[1, 16, 8, 12, 18, 10, 27, 33, 23]
[1, 16, 8, 12, 18, 10, 27, 35]
[1, 16, 8, 12, 18, 15, 23, 9, 17]
[1, 16, 8, 12, 18, 15, 23, 24]
[1, 16, 8, 12, 18, 15, 34, 10]
[1, 16, 8, 12, 18, 33, 23, 9]
[1, 16, 8, 12, 18, 33, 34]
[1, 16, 8, 12, 18, 35]
[1, 16, 8, 12, 18, 36]
[1, 16, 8, 12, 25]
[1, 16, 8, 12, 26]
[1, 16, 8, 12, 27, 9, 17]
[1, 16, 8, 12, 27, 33]
[1, 16, 8, 19, 18, 10, 27, 9, 17, 22, 15]
[1, 16, 8, 19, 18, 10, 27, 33, 23, 9]
[1, 16, 8, 19, 18, 10, 27, 33, 34]
[1, 16, 8, 19, 18, 10, 27, 35]
[1, 16, 8, 19, 18, 10, 27, 36]
[1, 16, 8, 19, 18, 15, 23, 9, 17, 22]
[1, 16, 8, 19, 18, 15, 23, 9, 27]
[1, 16, 8, 19, 18, 15, 23, 24, 17]
[1, 16, 8, 19, 18, 15, 23, 28]
[1, 16, 8, 19, 18, 15, 34, 10, 27]
[1, 16, 8, 19, 18, 15, 34, 43]
[1, 16, 8, 19, 18, 33, 23, 9, 17]
[1, 16, 8, 19, 18, 33, 23, 24]
[1, 16, 8, 19, 18, 33, 34, 10]
[1, 16, 8, 19, 18, 35]
[1, 16, 8, 19, 18, 36]
[1, 16, 8, 19, 18, 43]
[1, 16, 8, 19, 21, 9, 17, 22, 10, 18]
[1, 16, 8, 19, 21, 9, 17, 22, 15]
[1, 16, 8, 19, 21, 9, 18, 10, 27]
[1, 16, 8, 19, 21, 9, 18, 15]
[1, 16, 8, 19, 21, 9, 27, 33]
[1, 16, 8, 19, 21, 10, 18, 15, 23]
[1, 16, 8, 19, 21, 10, 18, 33]
[1, 16, 8, 19, 21, 10, 27, 9]
[1, 16, 8, 19, 21, 15, 23, 9]
[1, 16, 8, 19, 21, 15, 34]
[1, 16, 8, 19, 21, 24, 17]
[1, 16, 8, 19, 21, 28]
[1, 16, 8, 19, 27, 9, 17, 22, 10]
[1, 16, 8, 19, 27, 9, 18, 10]
[1, 16, 8, 19, 27, 33, 23, 9]
[1, 16, 8, 19, 27, 33, 34]
[1, 16, 8, 19, 27, 35]
[1, 16, 8, 19, 27, 36]
[1, 16, 8, 32]
[1, 16, 17, 19, 18, 10, 27, 9, 8, 12, 13]
[1, 16, 17, 19, 18, 10, 27, 9, 8, 32]
[1, 16, 17, 19, 18, 10, 27, 33, 23, 9]
[1, 16, 17, 19, 18, 10, 27, 33, 34]
[1, 16, 17, 19, 18, 10, 27, 35]
[1, 16, 17, 19, 18, 10, 27, 36]
[1, 16, 17, 19, 18, 15, 23, 9, 8, 12]
[1, 16, 17, 19, 18, 15, 23, 9, 27]
[1, 16, 17, 19, 18, 15, 23, 24, 8]
[1, 16, 17, 19, 18, 15, 23, 28]
[1, 16, 17, 19, 18, 15, 34, 10, 27]
[1, 16, 17, 19, 18, 15, 34, 43]
[1, 16, 17, 19, 18, 33, 23, 9, 8]
[1, 16, 17, 19, 18, 33, 23, 24]
[1, 16, 17, 19, 18, 33, 34, 10]
[1, 16, 17, 19, 18, 35]
[1, 16, 17, 19, 18, 36]
[1, 16, 17, 19, 18, 43]
[1, 16, 17, 19, 21, 9, 8, 12, 13, 10]
[1, 16, 17, 19, 21, 9, 8, 12, 18]
[1, 16, 17, 19, 21, 9, 8, 32]
[1, 16, 17, 19, 21, 9, 18, 10, 27]
[1, 16, 17, 19, 21, 9, 18, 15]
[1, 16, 17, 19, 21, 9, 27, 33]
[1, 16, 17, 19, 21, 10, 18, 15, 23]
[1, 16, 17, 19, 21, 10, 18, 33]
[1, 16, 17, 19, 21, 10, 27, 9]
[1, 16, 17, 19, 21, 15, 23, 9]
[1, 16, 17, 19, 21, 15, 34]
[1, 16, 17, 19, 21, 24, 8]
[1, 16, 17, 19, 21, 28]
[1, 16, 17, 19, 27, 9, 8, 12, 13]
[1, 16, 17, 19, 27, 9, 8, 32]
[1, 16, 17, 19, 27, 9, 18, 10]
[1, 16, 17, 19, 27, 33, 23, 9]
[1, 16, 17, 19, 27, 33, 34]
[1, 16, 17, 19, 27, 35]
[1, 16, 17, 19, 27, 36]
[1, 16, 17, 22, 9, 8, 12, 13, 10, 18]
[1, 16, 17, 22, 9, 8, 12, 13, 15]
[1, 16, 17, 22, 9, 8, 12, 18, 10]
[1, 16, 17, 22, 9, 8, 12, 25]
[1, 16, 17, 22, 9, 8, 19, 18, 10]
[1, 16, 17, 22, 9, 8, 19, 21]
[1, 16, 17, 22, 9, 8, 32]
[1, 16, 17, 22, 9, 18, 10, 27, 33]
[1, 16, 17, 22, 9, 18, 15, 23]
[1, 16, 17, 22, 9, 18, 33]
[1, 16, 17, 22, 9, 27, 33, 23]
[1, 16, 17, 22, 9, 27, 35]
[1, 16, 17, 22, 10, 18, 15, 23, 9]
[1, 16, 17, 22, 10, 18, 15, 34]
[1, 16, 17, 22, 10, 18, 33, 23]
[1, 16, 17, 22, 10, 18, 35]
[1, 16, 17, 22, 10, 27, 9, 8]
[1, 16, 17, 22, 10, 27, 33]
[1, 16, 17, 22, 15, 23, 9, 8]
[1, 16, 17, 22, 15, 23, 24]
[1, 16, 17, 22, 15, 34, 10]
[1, 16, 17, 22, 24, 8, 12]
[1, 16, 17, 22, 24, 18]
[1, 16, 17, 22, 28, 12]
[1, 16, 17, 22, 30]
[1, 16, 18, 10, 27, 9, 8, 12, 13, 15]
[1, 16, 18, 10, 27, 9, 8, 12, 17]
[1, 16, 18, 10, 27, 9, 8, 19, 21]
[1, 16, 18, 10, 27, 9, 8, 32]
[1, 16, 18, 10, 27, 9, 17, 19, 21]
[1, 16, 18, 10, 27, 9, 17, 22]
[1, 16, 18, 10, 27, 33, 23, 9, 8]
[1, 16, 18, 10, 27, 33, 23, 24]
[1, 16, 18, 10, 27, 33, 34, 15]
[1, 16, 18, 10, 27, 35]
[1, 16, 18, 10, 27, 36]
[1, 16, 18, 10, 27, 37]
[1, 16, 18, 15, 23, 9, 8, 12, 13]
[1, 16, 18, 15, 23, 9, 8, 19]
[1, 16, 18, 15, 23, 9, 17, 19]
[1, 16, 18, 15, 23, 9, 27]
[1, 16, 18, 15, 23, 24, 8, 12]
[1, 16, 18, 15, 23, 24, 17]
[1, 16, 18, 15, 23, 28, 12]
[1, 16, 18, 15, 23, 30]
[1, 16, 18, 15, 34, 10, 27, 9]
[1, 16, 18, 15, 34, 43]
[1, 16, 18, 33, 23, 9, 8, 12]
[1, 16, 18, 33, 23, 9, 17]
[1, 16, 18, 33, 23, 24, 8]
[1, 16, 18, 33, 23, 28]
[1, 16, 18, 33, 34, 10, 27]
[1, 16, 18, 33, 34, 15]
[1, 16, 18, 35]
[1, 16, 18, 36]
[1, 16, 18, 43]
[1, 16, 20, 12, 13, 9, 8, 19, 18]
[1, 16, 20, 12, 13, 9, 8, 32]
[1, 16, 20, 12, 13, 9, 17, 19]
[1, 16, 20, 12, 13, 9, 18]
[1, 16, 20, 12, 13, 10, 18, 15]
[1, 16, 20, 12, 13, 10, 27]
[1, 16, 20, 12, 13, 15, 23]
[1, 16, 20, 12, 13, 24]
[1, 16, 20, 12, 17, 19, 18, 10]
[1, 16, 20, 12, 17, 19, 21]
[1, 16, 20, 12, 17, 22, 9]
[1, 16, 20, 12, 18, 10, 27]
[1, 16, 20, 12, 18, 15]
[1, 16, 20, 12, 25]
[1, 16, 20, 12, 26]
[1, 16, 20, 19, 18, 10, 27, 9]
[1, 16, 20, 19, 18, 15, 23]
[1, 16, 20, 19, 18, 33]
[1, 16, 20, 19, 21, 9, 8]
[1, 16, 20, 19, 21, 10]
[1, 16, 20, 19, 27, 9]
[1, 16, 20, 22, 9, 8, 12]
[1, 16, 20, 22, 9, 17]
[1, 16, 20, 22, 10, 18]
[1, 16, 20, 22, 15]
[1, 16, 20, 29]
[1, 16, 20, 32]
[1, 16, 25]
[1, 16, 26]
[1, 16, 27, 9, 8, 12]
[1, 16, 27, 9, 17]
[1, 16, 27, 33, 23]
[1, 16, 27, 35]
[1, 19, 18, 10, 27, 9, 8, 12, 13, 15, 23, 24]
[1, 19, 18, 10, 27, 9, 8, 12, 13, 15, 34]
[1, 19, 18, 10, 27, 9, 8, 12, 13, 24, 17]
[1, 19, 18, 10, 27, 9, 8, 12, 13, 28]
[1, 19, 18, 10, 27, 9, 8, 12, 17, 22, 15]
[1, 19, 18, 10, 27, 9, 8, 12, 25]
[1, 19, 18, 10, 27, 9, 8, 12, 26]
[1, 19, 18, 10, 27, 9, 8, 32]
[1, 19, 18, 10, 27, 9, 17, 22, 15, 23, 24]
[1, 19, 18, 10, 27, 9, 17, 22, 15, 34]
[1, 19, 18, 10, 27, 9, 17, 22, 24, 8]
[1, 19, 18, 10, 27, 9, 17, 22, 28]
[1, 19, 18, 10, 27, 33, 23, 9, 8, 12, 13]
[1, 19, 18, 10, 27, 33, 23, 9, 8, 32]
[1, 19, 18, 10, 27, 33, 23, 9, 17, 22]
[1, 19, 18, 10, 27, 33, 23, 24, 8, 12]
[1, 19, 18, 10, 27, 33, 23, 24, 17]
[1, 19, 18, 10, 27, 33, 23, 28, 12]
[1, 19, 18, 10, 27, 33, 23, 30]
[1, 19, 18, 10, 27, 33, 34, 15, 23, 9]
[1, 19, 18, 10, 27, 33, 34, 43]
[1, 19, 18, 10, 27, 35]
[1, 19, 18, 10, 27, 36]
[1, 19, 18, 10, 27, 37]
[1, 19, 18, 10, 27, 40]
[1, 19, 18, 10, 27, 41]
[1, 19, 18, 15, 23, 9, 8, 12, 13, 10, 27]
[1, 19, 18, 15, 23, 9, 8, 12, 13, 24]
[1, 19, 18, 15, 23, 9, 8, 12, 17, 22]
[1, 19, 18, 15, 23, 9, 8, 12, 25]
[1, 19, 18, 15, 23, 9, 8, 32]
[1, 19, 18, 15, 23, 9, 17, 22, 10, 27]
[1, 19, 18, 15, 23, 9, 17, 22, 24]
[1, 19, 18, 15, 23, 9, 27, 33, 34]
[1, 19, 18, 15, 23, 9, 27, 35]
[1, 19, 18, 15, 23, 24, 8, 12, 13, 9]
[1, 19, 18, 15, 23, 24, 8, 12, 17]
[1, 19, 18, 15, 23, 24, 8, 32]
[1, 19, 18, 15, 23, 24, 17, 22, 9]
[1, 19, 18, 15, 23, 24, 25]
[1, 19, 18, 15, 23, 24, 27]
[1, 19, 18, 15, 23, 28, 12, 13, 9]
[1, 19, 18, 15, 23, 28, 12, 17]
[1, 19, 18, 15, 23, 28, 29]
[1, 19, 18, 15, 23, 30, 8, 12]
[1, 19, 18, 15, 23, 30, 17]
[1, 19, 18, 15, 23, 31, 12]
[1, 19, 18, 15, 23, 33]
[1, 19, 18, 15, 34, 10, 27, 9, 8, 12]
[1, 19, 18, 15, 34, 10, 27, 9, 17]
[1, 19, 18, 15, 34, 10, 27, 33, 23]
[1, 19, 18, 15, 34, 10, 27, 35]
[1, 19, 18, 15, 34, 43]
[1, 19, 18, 33, 23, 9, 8, 12, 13, 10]
[1, 19, 18, 33, 23, 9, 8, 12, 17]
[1, 19, 18, 33, 23, 9, 8, 32]
[1, 19, 18, 33, 23, 9, 17, 22, 10]
[1, 19, 18, 33, 23, 9, 27, 35]
[1, 19, 18, 33, 23, 24, 8, 12, 13]
[1, 19, 18, 33, 23, 24, 8, 32]
[1, 19, 18, 33, 23, 24, 17, 22]
[1, 19, 18, 33, 23, 24, 25]
[1, 19, 18, 33, 23, 28, 12, 13]
[1, 19, 18, 33, 23, 28, 29]
[1, 19, 18, 33, 23, 30, 8]
[1, 19, 18, 33, 23, 31]
[1, 19, 18, 33, 34, 10, 27, 9, 8]
[1, 19, 18, 33, 34, 10, 27, 35]
[1, 19, 18, 33, 34, 15, 23, 9]
[1, 19, 18, 33, 34, 43]
[1, 19, 18, 35]
[1, 19, 18, 36]
[1, 19, 18, 43]
[1, 19, 21, 9, 8, 12, 13, 10, 18, 15, 23]
[1, 19, 21, 9, 8, 12, 13, 10, 18, 33]
[1, 19, 21, 9, 8, 12, 13, 10, 27, 33]
[1, 19, 21, 9, 8, 12, 13, 15, 23, 24]
[1, 19, 21, 9, 8, 12, 13, 15, 34]
[1, 19, 21, 9, 8, 12, 13, 24, 17]
[1, 19, 21, 9, 8, 12, 13, 28]
[1, 19, 21, 9, 8, 12, 17, 22, 10, 18]
[1, 19, 21, 9, 8, 12, 17, 22, 15]
[1, 19, 21, 9, 8, 12, 18, 10, 27]
[1, 19, 21, 9, 8, 12, 18, 15]
[1, 19, 21, 9, 8, 12, 25]
[1, 19, 21, 9, 8, 12, 26]
[1, 19, 21, 9, 8, 32]
[1, 19, 21, 9, 17, 22, 10, 18, 15, 23]
[1, 19, 21, 9, 17, 22, 10, 18, 33]
[1, 19, 21, 9, 17, 22, 10, 27, 33]
[1, 19, 21, 9, 17, 22, 15, 23, 24]
[1, 19, 21, 9, 17, 22, 15, 34]
[1, 19, 21, 9, 17, 22, 24, 8]
[1, 19, 21, 9, 17, 22, 28]
[1, 19, 21, 9, 18, 10, 27, 33, 23]
[1, 19, 21, 9, 18, 10, 27, 35]
[1, 19, 21, 9, 18, 15, 23, 24]
[1, 19, 21, 9, 18, 15, 34]
[1, 19, 21, 9, 18, 33, 23]
[1, 19, 21, 9, 18, 35]
[1, 19, 21, 9, 27, 33, 23, 24]
[1, 19, 21, 9, 27, 33, 34]
[1, 19, 21, 9, 27, 35]
[1, 19, 21, 9, 27, 36]
[1, 19, 21, 10, 18, 15, 23, 9, 8, 12]
[1, 19, 21, 10, 18, 15, 23, 9, 17]
[1, 19, 21, 10, 18, 15, 23, 24, 8]
[1, 19, 21, 10, 18, 15, 23, 28]
[1, 19, 21, 10, 18, 15, 34, 43]
[1, 19, 21, 10, 18, 33, 23, 9, 8]
[1, 19, 21, 10, 18, 33, 23, 24]
[1, 19, 21, 10, 18, 33, 34, 15]
[1, 19, 21, 10, 18, 35]
[1, 19, 21, 10, 18, 36]
[1, 19, 21, 10, 18, 43]
[1, 19, 21, 10, 27, 9, 8, 12, 13]
[1, 19, 21, 10, 27, 9, 8, 32]
[1, 19, 21, 10, 27, 9, 17, 22]
[1, 19, 21, 10, 27, 9, 18]
[1, 19, 21, 10, 27, 33, 23, 9]
[1, 19, 21, 10, 27, 33, 34]
[1, 19, 21, 10, 27, 35]
[1, 19, 21, 10, 27, 36]
[1, 19, 21, 15, 23, 9, 8, 12, 13]
[1, 19, 21, 15, 23, 9, 8, 32]
[1, 19, 21, 15, 23, 9, 17, 22]
[1, 19, 21, 15, 23, 9, 18]
[1, 19, 21, 15, 23, 24, 8, 12]
[1, 19, 21, 15, 23, 24, 17]
[1, 19, 21, 15, 23, 28, 12]
[1, 19, 21, 15, 23, 30]
[1, 19, 21, 15, 34, 10, 18, 33]
[1, 19, 21, 15, 34, 10, 27]
[1, 19, 21, 15, 34, 43]
[1, 19, 21, 24, 8, 12, 13, 9]
[1, 19, 21, 24, 8, 12, 17]
[1, 19, 21, 24, 8, 32]
[1, 19, 21, 24, 17, 22, 9]
[1, 19, 21, 24, 18, 10]
[1, 19, 21, 24, 25]
[1, 19, 21, 28, 12, 13, 9]
[1, 19, 21, 28, 12, 17]
[1, 19, 21, 28, 29]
[1, 19, 21, 30, 8, 12]
[1, 19, 21, 30, 17]
[1, 19, 21, 31, 12]
[1, 19, 21, 33]
[1, 19, 27, 9, 8, 12, 13, 10, 18, 15]
[1, 19, 27, 9, 8, 12, 13, 15, 23]
[1, 19, 27, 9, 8, 12, 13, 24]
[1, 19, 27, 9, 8, 12, 17, 22, 10]
[1, 19, 27, 9, 8, 12, 18, 10]
[1, 19, 27, 9, 8, 12, 25]
[1, 19, 27, 9, 8, 32]
[1, 19, 27, 9, 17, 22, 10, 18, 15]
[1, 19, 27, 9, 17, 22, 15, 23]
[1, 19, 27, 9, 17, 22, 24]
[1, 19, 27, 9, 18, 10]
[1, 19, 27, 9, 18, 15, 23]
[1, 19, 27, 9, 18, 33]
[1, 19, 27, 33, 23, 9, 8, 12, 13]
[1, 19, 27, 33, 23, 9, 8, 32]
[1, 19, 27, 33, 23, 9, 17, 22]
[1, 19, 27, 33, 23, 9, 18]
[1, 19, 27, 33, 23, 24, 8, 12]
[1, 19, 27, 33, 23, 24, 17]
[1, 19, 27, 33, 23, 28, 12]
[1, 19, 27, 33, 23, 30]
[1, 19, 27, 33, 34, 10, 18, 15]
[1, 19, 27, 33, 34, 15, 23]
[1, 19, 27, 33, 34, 43]
[1, 19, 27, 35]
[1, 19, 27, 36]
[1, 19, 27, 37]
[1, 19, 27, 40]
[1, 19, 27, 41]
[1, 22, 9, 8, 12, 13, 10, 18, 15, 23, 24, 17]
[1, 22, 9, 8, 12, 13, 10, 18, 15, 23, 28]
[1, 22, 9, 8, 12, 13, 10, 18, 15, 34, 43]
[1, 22, 9, 8, 12, 13, 10, 18, 33, 23, 24]
[1, 22, 9, 8, 12, 13, 10, 18, 33, 34]
[1, 22, 9, 8, 12, 13, 10, 18, 35]
[1, 22, 9, 8, 12, 13, 10, 18, 36]
[1, 22, 9, 8, 12, 13, 10, 27, 33, 23, 24]
[1, 22, 9, 8, 12, 13, 10, 27, 33, 34]
[1, 22, 9, 8, 12, 13, 10, 27, 35]
[1, 22, 9, 8, 12, 13, 10, 27, 36]
[1, 22, 9, 8, 12, 13, 15, 23, 24, 17, 19]
[1, 22, 9, 8, 12, 13, 15, 23, 24, 18]
[1, 22, 9, 8, 12, 13, 15, 23, 28, 19]
[1, 22, 9, 8, 12, 13, 15, 23, 30]
[1, 22, 9, 8, 12, 13, 15, 34, 10, 18]
[1, 22, 9, 8, 12, 13, 15, 34, 43]
[1, 22, 9, 8, 12, 13, 24, 17, 19, 18]
[1, 22, 9, 8, 12, 13, 24, 18, 10]
[1, 22, 9, 8, 12, 13, 24, 25]
[1, 22, 9, 8, 12, 13, 28, 19, 18]
[1, 22, 9, 8, 12, 13, 28, 29]
[1, 22, 9, 8, 12, 13, 30, 17]
[1, 22, 9, 8, 12, 13, 31]
[1, 22, 9, 8, 12, 17, 19, 18, 10, 27, 33]
[1, 22, 9, 8, 12, 17, 19, 18, 15, 23]
[1, 22, 9, 8, 12, 17, 19, 18, 33]
[1, 22, 9, 8, 12, 17, 19, 21, 10, 18]
[1, 22, 9, 8, 12, 17, 19, 21, 15]
[1, 22, 9, 8, 12, 17, 19, 27, 33]
[1, 22, 9, 8, 12, 18, 10, 27, 33, 23]
[1, 22, 9, 8, 12, 18, 10, 27, 35]
[1, 22, 9, 8, 12, 18, 15, 23, 24]
[1, 22, 9, 8, 12, 18, 15, 34]
[1, 22, 9, 8, 12, 18, 33, 23]
[1, 22, 9, 8, 12, 18, 35]
[1, 22, 9, 8, 12, 25]
[1, 22, 9, 8, 12, 26]
[1, 22, 9, 8, 12, 27, 33]
[1, 22, 9, 8, 19, 18, 10, 27, 33, 23, 24]
[1, 22, 9, 8, 19, 18, 10, 27, 33, 34]
[1, 22, 9, 8, 19, 18, 10, 27, 35]
[1, 22, 9, 8, 19, 18, 10, 27, 36]
[1, 22, 9, 8, 19, 18, 15, 23, 24, 17]
[1, 22, 9, 8, 19, 18, 15, 23, 28]
[1, 22, 9, 8, 19, 18, 15, 34, 10]
[1, 22, 9, 8, 19, 18, 33, 23, 24]
[1, 22, 9, 8, 19, 18, 33, 34]
[1, 22, 9, 8, 19, 18, 35]
[1, 22, 9, 8, 19, 18, 36]
[1, 22, 9, 8, 19, 21, 10, 18, 15, 23]
[1, 22, 9, 8, 19, 21, 10, 18, 33]
[1, 22, 9, 8, 19, 21, 10, 27, 33]
[1, 22, 9, 8, 19, 21, 15, 23, 24]
[1, 22, 9, 8, 19, 21, 15, 34]
[1, 22, 9, 8, 19, 21, 24, 17]
[1, 22, 9, 8, 19, 21, 28]
[1, 22, 9, 8, 19, 27, 33, 23, 24]
[1, 22, 9, 8, 19, 27, 33, 34]
[1, 22, 9, 8, 19, 27, 35]
[1, 22, 9, 8, 19, 27, 36]
[1, 22, 9, 8, 32]
[1, 22, 9, 17, 19, 18, 10, 27, 33, 23, 24]
[1, 22, 9, 17, 19, 18, 10, 27, 33, 34]
[1, 22, 9, 17, 19, 18, 10, 27, 35]
[1, 22, 9, 17, 19, 18, 10, 27, 36]
[1, 22, 9, 17, 19, 18, 15, 23, 24, 8]
[1, 22, 9, 17, 19, 18, 15, 23, 28]
[1, 22, 9, 17, 19, 18, 15, 34, 10]
[1, 22, 9, 17, 19, 18, 33, 23, 24]
[1, 22, 9, 17, 19, 18, 33, 34]
[1, 22, 9, 17, 19, 18, 35]
[1, 22, 9, 17, 19, 18, 36]
[1, 22, 9, 17, 19, 21, 10, 18, 15, 23]
[1, 22, 9, 17, 19, 21, 10, 18, 33]
[1, 22, 9, 17, 19, 21, 10, 27, 33]
[1, 22, 9, 17, 19, 21, 15, 23, 24]
[1, 22, 9, 17, 19, 21, 15, 34]
[1, 22, 9, 17, 19, 21, 24, 8]
[1, 22, 9, 17, 19, 21, 28]
[1, 22, 9, 17, 19, 27, 33, 23, 24]
[1, 22, 9, 17, 19, 27, 33, 34]
[1, 22, 9, 17, 19, 27, 35]
[1, 22, 9, 17, 19, 27, 36]
[1, 22, 9, 18, 10, 27, 33, 23, 24, 8]
[1, 22, 9, 18, 10, 27, 33, 23, 28]
[1, 22, 9, 18, 10, 27, 33, 34, 15]
[1, 22, 9, 18, 10, 27, 35]
[1, 22, 9, 18, 10, 27, 36]
[1, 22, 9, 18, 10, 27, 37]
[1, 22, 9, 18, 15, 23, 24, 8, 12]
[1, 22, 9, 18, 15, 23, 24, 17]
[1, 22, 9, 18, 15, 23, 28, 12]
[1, 22, 9, 18, 15, 23, 30]
[1, 22, 9, 18, 15, 34, 10, 27]
[1, 22, 9, 18, 15, 34, 43]
[1, 22, 9, 18, 33, 23, 24, 8]
[1, 22, 9, 18, 33, 23, 28]
[1, 22, 9, 18, 33, 34, 10]
[1, 22, 9, 18, 35]
[1, 22, 9, 18, 36]
[1, 22, 9, 18, 43]
[1, 22, 9, 27, 33, 23, 24, 8, 12]
[1, 22, 9, 27, 33, 23, 24, 17]
[1, 22, 9, 27, 33, 23, 28, 12]
[1, 22, 9, 27, 33, 23, 30]
[1, 22, 9, 27, 33, 34, 10, 18]
[1, 22, 9, 27, 33, 34, 15]
[1, 22, 9, 27, 35]
[1, 22, 9, 27, 36]
[1, 22, 9, 27, 37]
[1, 22, 9, 27, 40]
[1, 22, 10, 18, 15, 23, 9, 8, 12, 13, 24]
[1, 22, 10, 18, 15, 23, 9, 8, 12, 17]
[1, 22, 10, 18, 15, 23, 9, 8, 19, 21]
[1, 22, 10, 18, 15, 23, 9, 8, 32]
[1, 22, 10, 18, 15, 23, 9, 17, 19, 21]
[1, 22, 10, 18, 15, 23, 9, 27, 33]
[1, 22, 10, 18, 15, 23, 24, 8, 12, 13]
[1, 22, 10, 18, 15, 23, 24, 8, 19]
[1, 22, 10, 18, 15, 23, 24, 17, 19]
[1, 22, 10, 18, 15, 23, 24, 25]
[1, 22, 10, 18, 15, 23, 28, 12, 13]
[1, 22, 10, 18, 15, 23, 28, 19]
[1, 22, 10, 18, 15, 23, 30, 8]
[1, 22, 10, 18, 15, 23, 31]
[1, 22, 10, 18, 15, 34, 43]
[1, 22, 10, 18, 33, 23, 9, 8, 12, 13]
[1, 22, 10, 18, 33, 23, 9, 8, 19]
[1, 22, 10, 18, 33, 23, 9, 17, 19]
[1, 22, 10, 18, 33, 23, 9, 27]
[1, 22, 10, 18, 33, 23, 24, 8, 12]
[1, 22, 10, 18, 33, 23, 24, 17]
[1, 22, 10, 18, 33, 23, 28, 12]
[1, 22, 10, 18, 33, 23, 30]
[1, 22, 10, 18, 33, 34, 15, 23, 9]
[1, 22, 10, 18, 33, 34, 43]
[1, 22, 10, 18, 35]
[1, 22, 10, 18, 36]
[1, 22, 10, 18, 43]
[1, 22, 10, 27, 9, 8, 12, 13, 15, 23]
[1, 22, 10, 27, 9, 8, 12, 13, 24]
[1, 22, 10, 27, 9, 8, 12, 17, 19]
[1, 22, 10, 27, 9, 8, 12, 18]
[1, 22, 10, 27, 9, 8, 19, 18, 15]
[1, 22, 10, 27, 9, 8, 19, 21]
[1, 22, 10, 27, 9, 8, 32]
[1, 22, 10, 27, 9, 17, 19, 18, 15]
[1, 22, 10, 27, 9, 17, 19, 21]
[1, 22, 10, 27, 9, 18, 15, 23]
[1, 22, 10, 27, 9, 18, 33]
[1, 22, 10, 27, 33, 23, 9, 8, 12]
[1, 22, 10, 27, 33, 23, 9, 17]
[1, 22, 10, 27, 33, 23, 24, 8]
[1, 22, 10, 27, 33, 23, 28]
[1, 22, 10, 27, 33, 34, 15, 23]
[1, 22, 10, 27, 33, 34, 43]
[1, 22, 10, 27, 35]
[1, 22, 10, 27, 36]
[1, 22, 10, 27, 37]
[1, 22, 10, 27, 40]
[1, 22, 15, 23, 9, 8, 12, 13, 10, 18]
[1, 22, 15, 23, 9, 8, 12, 13, 24]
[1, 22, 15, 23, 9, 8, 12, 17, 19]
[1, 22, 15, 23, 9, 8, 12, 18]
[1, 22, 15, 23, 9, 8, 19, 18, 10]
[1, 22, 15, 23, 9, 8, 19, 21]
[1, 22, 15, 23, 9, 8, 32]
[1, 22, 15, 23, 9, 17, 19, 18, 10]
[1, 22, 15, 23, 9, 17, 19, 21]
[1, 22, 15, 23, 9, 18, 10, 27]
[1, 22, 15, 23, 9, 18, 33]
[1, 22, 15, 23, 9, 27, 33]
[1, 22, 15, 23, 24, 8, 12, 13, 9]
[1, 22, 15, 23, 24, 8, 12, 17]
[1, 22, 15, 23, 24, 8, 19, 18]
[1, 22, 15, 23, 24, 8, 32]
[1, 22, 15, 23, 24, 17, 19, 18]
[1, 22, 15, 23, 24, 18, 10]
[1, 22, 15, 23, 24, 25]
[1, 22, 15, 23, 28, 12, 13, 9]
[1, 22, 15, 23, 28, 12, 17]
[1, 22, 15, 23, 28, 19, 18]
[1, 22, 15, 23, 28, 29]
[1, 22, 15, 23, 30, 8, 12]
[1, 22, 15, 23, 30, 17]
[1, 22, 15, 23, 31, 12]
[1, 22, 15, 23, 33]
[1, 22, 15, 34, 10, 18, 33, 23, 9]
[1, 22, 15, 34, 10, 18, 35]
[1, 22, 15, 34, 10, 18, 36]
[1, 22, 15, 34, 10, 27, 9, 8]
[1, 22, 15, 34, 10, 27, 33]
[1, 22, 15, 34, 43]
[1, 22, 24, 8, 12, 13, 9, 17, 19]
[1, 22, 24, 8, 12, 13, 9, 18]
[1, 22, 24, 8, 12, 13, 10, 18]
[1, 22, 24, 8, 12, 13, 15]
[1, 22, 24, 8, 12, 17, 19, 18]
[1, 22, 24, 8, 12, 18, 10]
[1, 22, 24, 8, 12, 25]
[1, 22, 24, 8, 19, 18, 10, 27]
[1, 22, 24, 8, 19, 18, 15]
[1, 22, 24, 8, 19, 21, 9]
[1, 22, 24, 8, 19, 27]
[1, 22, 24, 8, 32]
[1, 22, 24, 17, 19, 18, 10, 27]
[1, 22, 24, 17, 19, 18, 15]
[1, 22, 24, 17, 19, 21, 9]
[1, 22, 24, 17, 19, 27]
[1, 22, 24, 18, 10, 27, 9]
[1, 22, 24, 18, 15, 23]
[1, 22, 24, 18, 33]
[1, 22, 24, 25]
[1, 22, 24, 27, 9]
[1, 22, 28, 12, 13, 9, 8, 19]
[1, 22, 28, 12, 13, 9, 17]
[1, 22, 28, 12, 13, 10, 18]
[1, 22, 28, 12, 13, 15]
[1, 22, 28, 12, 17, 19, 18]
[1, 22, 28, 12, 18, 10]
[1, 22, 28, 12, 25]
[1, 22, 28, 19, 18, 10, 27]
[1, 22, 28, 19, 18, 15]
[1, 22, 28, 19, 21, 9]
[1, 22, 28, 19, 27]
[1, 22, 28, 29]
[1, 22, 30, 8, 12, 13, 9]
[1, 22, 30, 8, 12, 17]
[1, 22, 30, 8, 19, 18]
[1, 22, 30, 8, 32]
[1, 22, 30, 17, 19, 18]
[1, 22, 30, 18, 10]
[1, 22, 30, 25]
[1, 22, 31, 12, 13, 9]
[1, 22, 31, 12, 17]
[1, 22, 31, 19, 18]
[1, 22, 31, 32]
[1, 22, 33, 23, 9]
[1, 22, 33, 34]
[1, 22, 35]
[1, 22, 36]
[1, 29]
[1, 32]
