1: [0, 8, 12, 13, 9, 17, 14, 10, 11, 19]
2: [0, 8, 12, 13, 9, 17, 14, 10, 18]
3: [0, 8, 12, 13, 9, 17, 14, 15, 23]
4: [0, 8, 12, 13, 9, 17, 14, 24]
5: [0, 8, 12, 13, 9, 17, 16, 18, 15]
6: [0, 8, 12, 13, 9, 17, 16, 20]
7: [0, 8, 12, 13, 9, 17, 19, 18]
8: [0, 8, 12, 13, 9, 17, 22]
9: [0, 8, 12, 13, 9, 18, 15, 23, 24]
10: [0, 8, 12, 13, 9, 18, 15, 34]
11: [0, 8, 12, 13, 9, 18, 33, 23]
12: [0, 8, 12, 13, 9, 18, 35]
13: [0, 8, 12, 13, 9, 25]
14: [0, 8, 12, 13, 9, 26]
15: [0, 8, 12, 13, 9, 27]
16: [0, 8, 12, 13, 10, 11, 14, 9, 17]
17: [0, 8, 12, 13, 10, 11, 14, 15]
18: [0, 8, 12, 13, 10, 11, 19, 18]
19: [0, 8, 12, 13, 10, 11, 29]
20: [0, 8, 12, 13, 10, 17, 14, 9]
21: [0, 8, 12, 13, 10, 17, 16]
22: [0, 8, 12, 13, 10, 18, 15]
23: [0, 8, 12, 13, 10, 20]
24: [0, 8, 12, 13, 15, 23, 24, 17]
25: [0, 8, 12, 13, 15, 23, 28]
26: [0, 8, 12, 13, 15, 34, 35]
27: [0, 8, 12, 13, 24, 17, 14]
28: [0, 8, 12, 13, 24, 18]
29: [0, 8, 12, 13, 28, 19]
30: [0, 8, 12, 13, 30]
31: [0, 8, 12, 17, 14, 9, 18, 15, 23]
32: [0, 8, 12, 17, 14, 9, 18, 33]
33: [0, 8, 12, 17, 14, 9, 25]
34: [0, 8, 12, 17, 14, 9, 26]
35: [0, 8, 12, 17, 14, 10, 11, 19]
36: [0, 8, 12, 17, 14, 10, 13]
37: [0, 8, 12, 17, 14, 15, 23]
38: [0, 8, 12, 17, 14, 24]
39: [0, 8, 12, 17, 16, 18, 15, 23]
40: [0, 8, 12, 17, 16, 18, 33]
41: [0, 8, 12, 17, 16, 20, 19]
42: [0, 8, 12, 17, 16, 25]
43: [0, 8, 12, 17, 19, 18, 15]
44: [0, 8, 12, 17, 19, 20]
45: [0, 8, 12, 17, 22, 9]
46: [0, 8, 12, 17, 29]
47: [0, 8, 12, 18, 15, 23, 24, 17]
48: [0, 8, 12, 18, 15, 23, 28]
49: [0, 8, 12, 18, 15, 34, 35]
50: [0, 8, 12, 18, 33, 23, 24]
51: [0, 8, 12, 18, 33, 34]
52: [0, 8, 12, 18, 35, 55]
53: [0, 8, 12, 18, 36]
54: [0, 8, 12, 25]
55: [0, 8, 12, 26]
56: [0, 8, 12, 27, 24]
57: [0, 8, 14, 9, 17, 12, 13, 10, 11]
58: [0, 8, 14, 9, 17, 12, 13, 15]
59: [0, 8, 14, 9, 17, 12, 18, 15]
60: [0, 8, 14, 9, 17, 12, 25]
61: [0, 8, 14, 9, 17, 16, 18, 15]
62: [0, 8, 14, 9, 17, 16, 20]
63: [0, 8, 14, 9, 17, 19, 18]
64: [0, 8, 14, 9, 17, 22]
65: [0, 8, 14, 9, 18, 15, 23, 24]
66: [0, 8, 14, 9, 18, 15, 34]
67: [0, 8, 14, 9, 18, 33, 23]
68: [0, 8, 14, 9, 18, 35]
69: [0, 8, 14, 9, 25]
70: [0, 8, 14, 9, 26]
71: [0, 8, 14, 9, 27]
72: [0, 8, 14, 10, 11, 12, 13, 9]
73: [0, 8, 14, 10, 11, 12, 17]
74: [0, 8, 14, 10, 11, 19, 18]
75: [0, 8, 14, 10, 11, 29]
76: [0, 8, 14, 10, 13, 9, 17]
77: [0, 8, 14, 10, 13, 15]
78: [0, 8, 14, 10, 17, 12]
79: [0, 8, 14, 10, 18]
80: [0, 8, 14, 15, 23, 24, 17]
81: [0, 8, 14, 15, 23, 28]
82: [0, 8, 14, 15, 34, 35]
83: [0, 8, 14, 24, 17, 12]
84: [0, 8, 14, 24, 18]
85: [0, 8, 14, 28, 12]
86: [0, 8, 14, 30]
87: [0, 8, 19, 18, 15, 23, 24, 17]
88: [0, 8, 19, 18, 15, 23, 28]
89: [0, 8, 19, 18, 15, 34, 35]
90: [0, 8, 19, 18, 33, 23, 24]
91: [0, 8, 19, 18, 33, 34]
92: [0, 8, 19, 18, 35, 55]
93: [0, 8, 19, 18, 36]
94: [0, 8, 19, 20, 12, 13, 9]
95: [0, 8, 19, 20, 12, 17]
96: [0, 8, 19, 20, 22, 9]
97: [0, 8, 19, 20, 29]
98: [0, 8, 19, 21, 9, 17]
99: [0, 8, 19, 21, 10]
100: [0, 8, 19, 25]
101: [0, 8, 19, 26]
102: [0, 8, 29]
103: [0, 8, 32]
104: [0, 11, 12, 13, 9, 8, 14, 10, 17, 16]
105: [0, 11, 12, 13, 9, 8, 14, 10, 18]
106: [0, 11, 12, 13, 9, 8, 14, 15, 23]
107: [0, 11, 12, 13, 9, 8, 14, 24]
108: [0, 11, 12, 13, 9, 8, 19, 18, 15]
109: [0, 11, 12, 13, 9, 8, 19, 20]
110: [0, 11, 12, 13, 9, 8, 29]
111: [0, 11, 12, 13, 9, 8, 32]
112: [0, 11, 12, 13, 9, 17, 14, 10, 8]
113: [0, 11, 12, 13, 9, 17, 14, 15]
114: [0, 11, 12, 13, 9, 17, 16, 8]
115: [0, 11, 12, 13, 9, 17, 19]
116: [0, 11, 12, 13, 9, 18, 15, 23]
117: [0, 11, 12, 13, 9, 18, 33]
118: [0, 11, 12, 13, 9, 25]
119: [0, 11, 12, 13, 9, 26]
120: [0, 11, 12, 13, 10, 8, 14, 9, 17]
121: [0, 11, 12, 13, 10, 8, 14, 15]
122: [0, 11, 12, 13, 10, 8, 19, 18]
123: [0, 11, 12, 13, 10, 8, 29]
124: [0, 11, 12, 13, 10, 17, 14, 9]
125: [0, 11, 12, 13, 10, 17, 16]
126: [0, 11, 12, 13, 10, 18, 15]
127: [0, 11, 12, 13, 10, 20]
128: [0, 11, 12, 13, 15, 23, 24, 8]
129: [0, 11, 12, 13, 15, 23, 28]
130: [0, 11, 12, 13, 15, 34, 35]
131: [0, 11, 12, 13, 24, 8, 14]
132: [0, 11, 12, 13, 24, 17]
133: [0, 11, 12, 13, 28, 19]
134: [0, 11, 12, 13, 30]
135: [0, 11, 12, 17, 14, 9, 8, 19, 18]
136: [0, 11, 12, 17, 14, 9, 8, 29]
137: [0, 11, 12, 17, 14, 9, 18, 15]
138: [0, 11, 12, 17, 14, 9, 25]
139: [0, 11, 12, 17, 14, 10, 8, 19]
140: [0, 11, 12, 17, 14, 10, 13]
141: [0, 11, 12, 17, 14, 15, 23]
142: [0, 11, 12, 17, 14, 24]
143: [0, 11, 12, 17, 16, 8, 14, 9]
144: [0, 11, 12, 17, 16, 8, 19]
145: [0, 11, 12, 17, 16, 18, 15]
146: [0, 11, 12, 17, 16, 20]
147: [0, 11, 12, 17, 19, 18, 15]
148: [0, 11, 12, 17, 19, 20]
149: [0, 11, 12, 17, 22, 9]
150: [0, 11, 12, 17, 29]
151: [0, 11, 12, 18, 15, 23, 24, 8]
152: [0, 11, 12, 18, 15, 23, 28]
153: [0, 11, 12, 18, 15, 34, 35]
154: [0, 11, 12, 18, 33, 23, 24]
155: [0, 11, 12, 18, 33, 34]
156: [0, 11, 12, 18, 35, 55]
157: [0, 11, 12, 18, 36]
158: [0, 11, 12, 25]
159: [0, 11, 12, 26]
160: [0, 11, 12, 27, 24]
161: [0, 11, 14, 9, 8, 12, 13, 10, 17]
162: [0, 11, 14, 9, 8, 12, 13, 15]
163: [0, 11, 14, 9, 8, 12, 17, 16]
164: [0, 11, 14, 9, 8, 12, 18]
165: [0, 11, 14, 9, 8, 19, 18, 15]
166: [0, 11, 14, 9, 8, 19, 20]
167: [0, 11, 14, 9, 8, 29]
168: [0, 11, 14, 9, 8, 32]
169: [0, 11, 14, 9, 17, 12, 13, 10]
170: [0, 11, 14, 9, 17, 12, 18]
171: [0, 11, 14, 9, 17, 16, 8]
172: [0, 11, 14, 9, 17, 19]
173: [0, 11, 14, 9, 18, 15, 23]
174: [0, 11, 14, 9, 18, 33]
175: [0, 11, 14, 9, 25]
176: [0, 11, 14, 9, 26]
177: [0, 11, 14, 10, 8, 12, 13, 9]
178: [0, 11, 14, 10, 8, 12, 17]
179: [0, 11, 14, 10, 8, 19, 18]
180: [0, 11, 14, 10, 8, 29]
181: [0, 11, 14, 10, 13, 9, 8]
182: [0, 11, 14, 10, 13, 15]
183: [0, 11, 14, 10, 17, 12]
184: [0, 11, 14, 10, 18]
185: [0, 11, 14, 15, 23, 24, 8]
186: [0, 11, 14, 15, 23, 28]
187: [0, 11, 14, 15, 34, 35]
188: [0, 11, 14, 24, 8, 12]
189: [0, 11, 14, 24, 17]
190: [0, 11, 14, 28, 12]
191: [0, 11, 14, 30]
192: [0, 11, 19, 18, 15, 23, 24, 8]
193: [0, 11, 19, 18, 15, 23, 28]
194: [0, 11, 19, 18, 15, 34, 35]
195: [0, 11, 19, 18, 33, 23, 24]
196: [0, 11, 19, 18, 33, 34]
197: [0, 11, 19, 18, 35, 55]
198: [0, 11, 19, 18, 36]
199: [0, 11, 19, 20, 12, 13, 9]
200: [0, 11, 19, 20, 12, 17]
201: [0, 11, 19, 20, 22, 9]
202: [0, 11, 19, 20, 29]
203: [0, 11, 19, 21, 9, 8]
204: [0, 11, 19, 21, 10]
205: [0, 11, 19, 25]
206: [0, 11, 19, 26]
207: [0, 11, 29]
208: [0, 11, 32]
209: [0, 13, 9, 8, 12, 17, 14, 10, 11, 19]
210: [0, 13, 9, 8, 12, 17, 14, 10, 18]
211: [0, 13, 9, 8, 12, 17, 14, 15, 23]
212: [0, 13, 9, 8, 12, 17, 14, 24]
213: [0, 13, 9, 8, 12, 17, 16, 18, 15]
214: [0, 13, 9, 8, 12, 17, 16, 20]
215: [0, 13, 9, 8, 12, 17, 19, 18]
216: [0, 13, 9, 8, 12, 17, 22]
217: [0, 13, 9, 8, 12, 18, 15, 23, 24]
218: [0, 13, 9, 8, 12, 18, 15, 34]
219: [0, 13, 9, 8, 12, 18, 33, 23]
220: [0, 13, 9, 8, 12, 18, 35]
221: [0, 13, 9, 8, 12, 25]
222: [0, 13, 9, 8, 12, 26]
223: [0, 13, 9, 8, 12, 27]
224: [0, 13, 9, 8, 14, 10, 11, 12, 17]
225: [0, 13, 9, 8, 14, 10, 11, 19]
226: [0, 13, 9, 8, 14, 10, 17, 12]
227: [0, 13, 9, 8, 14, 10, 18]
228: [0, 13, 9, 8, 14, 15, 23, 24]
229: [0, 13, 9, 8, 14, 15, 34]
230: [0, 13, 9, 8, 14, 24, 17]
231: [0, 13, 9, 8, 14, 28]
232: [0, 13, 9, 8, 19, 18, 15, 23]
233: [0, 13, 9, 8, 19, 18, 33]
234: [0, 13, 9, 8, 19, 20, 12]
235: [0, 13, 9, 8, 19, 21]
236: [0, 13, 9, 8, 29]
237: [0, 13, 9, 8, 32]
238: [0, 13, 9, 17, 12, 18, 15, 23, 24]
239: [0, 13, 9, 17, 12, 18, 15, 34]
240: [0, 13, 9, 17, 12, 18, 33, 23]
241: [0, 13, 9, 17, 12, 18, 35]
242: [0, 13, 9, 17, 12, 25]
243: [0, 13, 9, 17, 12, 26]
244: [0, 13, 9, 17, 12, 27]
245: [0, 13, 9, 17, 14, 10, 8, 12]
246: [0, 13, 9, 17, 14, 10, 11]
247: [0, 13, 9, 17, 14, 15, 23]
248: [0, 13, 9, 17, 14, 24]
249: [0, 13, 9, 17, 16, 8, 12]
250: [0, 13, 9, 17, 16, 18]
251: [0, 13, 9, 17, 19, 18]
252: [0, 13, 9, 17, 22]
253: [0, 13, 9, 18, 15, 23, 24, 8]
254: [0, 13, 9, 18, 15, 23, 28]
255: [0, 13, 9, 18, 15, 34, 35]
256: [0, 13, 9, 18, 33, 23, 24]
257: [0, 13, 9, 18, 33, 34]
258: [0, 13, 9, 18, 35, 55]
259: [0, 13, 9, 18, 36]
260: [0, 13, 9, 25]
261: [0, 13, 9, 26]
262: [0, 13, 9, 27, 24]
263: [0, 13, 10, 8, 12, 17, 14, 9, 18]
264: [0, 13, 10, 8, 12, 17, 14, 15]
265: [0, 13, 10, 8, 12, 17, 16, 18]
266: [0, 13, 10, 8, 12, 17, 19]
267: [0, 13, 10, 8, 12, 18, 15, 23]
268: [0, 13, 10, 8, 12, 18, 33]
269: [0, 13, 10, 8, 12, 25]
270: [0, 13, 10, 8, 12, 26]
271: [0, 13, 10, 8, 14, 9, 17, 12]
272: [0, 13, 10, 8, 14, 9, 18]
273: [0, 13, 10, 8, 14, 15, 23]
274: [0, 13, 10, 8, 14, 24]
275: [0, 13, 10, 8, 19, 18, 15]
276: [0, 13, 10, 8, 19, 20]
277: [0, 13, 10, 8, 29]
278: [0, 13, 10, 8, 32]
279: [0, 13, 10, 11, 12, 17, 14, 9]
280: [0, 13, 10, 11, 12, 17, 16]
281: [0, 13, 10, 11, 12, 18, 15]
282: [0, 13, 10, 11, 12, 25]
283: [0, 13, 10, 11, 14, 9, 8]
284: [0, 13, 10, 11, 14, 15]
285: [0, 13, 10, 11, 19, 18]
286: [0, 13, 10, 11, 29]
287: [0, 13, 10, 17, 12, 18, 15]
288: [0, 13, 10, 17, 12, 25]
289: [0, 13, 10, 17, 14, 9]
290: [0, 13, 10, 17, 16]
291: [0, 13, 10, 18, 15, 23]
292: [0, 13, 10, 18, 33]
293: [0, 13, 10, 20, 12]
294: [0, 13, 10, 21]
295: [0, 13, 15, 23, 24, 8, 12, 17]
296: [0, 13, 15, 23, 24, 8, 14]
297: [0, 13, 15, 23, 24, 17, 12]
298: [0, 13, 15, 23, 24, 18]
299: [0, 13, 15, 23, 28, 12, 17]
300: [0, 13, 15, 23, 28, 19]
301: [0, 13, 15, 23, 30, 8]
302: [0, 13, 15, 23, 31]
303: [0, 13, 15, 34, 35, 55, 37]
304: [0, 13, 15, 34, 35, 57]
305: [0, 13, 15, 34, 36]
306: [0, 13, 15, 34, 37]
307: [0, 13, 24, 8, 12, 17, 14]
308: [0, 13, 24, 8, 12, 18]
309: [0, 13, 24, 8, 14, 9]
310: [0, 13, 24, 8, 19]
311: [0, 13, 24, 17, 12, 18]
312: [0, 13, 24, 17, 14]
313: [0, 13, 24, 18, 15]
314: [0, 13, 24, 25]
315: [0, 13, 28, 12, 17, 14]
316: [0, 13, 28, 12, 18]
317: [0, 13, 28, 19, 18]
318: [0, 13, 28, 29]
319: [0, 13, 30, 8, 12]
320: [0, 13, 30, 17]
321: [0, 13, 31, 12]
322: [0, 13, 33]
323: [0, 17, 12, 13, 9, 8, 14, 10, 11, 19]
324: [0, 17, 12, 13, 9, 8, 14, 10, 18]
325: [0, 17, 12, 13, 9, 8, 14, 15, 23]
326: [0, 17, 12, 13, 9, 8, 14, 24]
327: [0, 17, 12, 13, 9, 8, 19, 18, 15]
328: [0, 17, 12, 13, 9, 8, 19, 20]
329: [0, 17, 12, 13, 9, 8, 29]
330: [0, 17, 12, 13, 9, 8, 32]
331: [0, 17, 12, 13, 9, 18, 15, 23, 24]
332: [0, 17, 12, 13, 9, 18, 15, 34]
333: [0, 17, 12, 13, 9, 18, 33, 23]
334: [0, 17, 12, 13, 9, 18, 35]
335: [0, 17, 12, 13, 9, 25]
336: [0, 17, 12, 13, 9, 26]
337: [0, 17, 12, 13, 9, 27]
338: [0, 17, 12, 13, 10, 8, 14, 9, 18]
339: [0, 17, 12, 13, 10, 8, 14, 15]
340: [0, 17, 12, 13, 10, 8, 19, 18]
341: [0, 17, 12, 13, 10, 8, 29]
342: [0, 17, 12, 13, 10, 11, 14, 9]
343: [0, 17, 12, 13, 10, 11, 19]
344: [0, 17, 12, 13, 10, 18, 15]
345: [0, 17, 12, 13, 10, 20]
346: [0, 17, 12, 13, 15, 23, 24, 8]
347: [0, 17, 12, 13, 15, 23, 28]
348: [0, 17, 12, 13, 15, 34, 35]
349: [0, 17, 12, 13, 24, 8, 14]
350: [0, 17, 12, 13, 24, 18]
351: [0, 17, 12, 13, 28, 19]
352: [0, 17, 12, 13, 30]
353: [0, 17, 12, 18, 15, 23, 24, 8, 14]
354: [0, 17, 12, 18, 15, 23, 24, 25]
355: [0, 17, 12, 18, 15, 23, 28, 19]
356: [0, 17, 12, 18, 15, 23, 30]
357: [0, 17, 12, 18, 15, 34, 35, 55]
358: [0, 17, 12, 18, 15, 34, 36]
359: [0, 17, 12, 18, 33, 23, 24, 8]
360: [0, 17, 12, 18, 33, 23, 28]
361: [0, 17, 12, 18, 33, 34, 15]
362: [0, 17, 12, 18, 35, 55, 37]
363: [0, 17, 12, 18, 35, 57]
364: [0, 17, 12, 18, 36]
365: [0, 17, 12, 18, 37]
366: [0, 17, 12, 25]
367: [0, 17, 12, 26]
368: [0, 17, 12, 27, 24, 8]
369: [0, 17, 12, 27, 28]
370: [0, 17, 14, 9, 8, 12, 13, 10, 11]
371: [0, 17, 14, 9, 8, 12, 13, 15]
372: [0, 17, 14, 9, 8, 12, 18, 15]
373: [0, 17, 14, 9, 8, 12, 25]
374: [0, 17, 14, 9, 8, 19, 18, 15]
375: [0, 17, 14, 9, 8, 19, 20]
376: [0, 17, 14, 9, 8, 29]
377: [0, 17, 14, 9, 8, 32]
378: [0, 17, 14, 9, 18, 15, 23, 24]
379: [0, 17, 14, 9, 18, 15, 34]
380: [0, 17, 14, 9, 18, 33, 23]
381: [0, 17, 14, 9, 18, 35]
382: [0, 17, 14, 9, 25]
383: [0, 17, 14, 9, 26]
384: [0, 17, 14, 9, 27]
385: [0, 17, 14, 10, 8, 12, 13, 9]
386: [0, 17, 14, 10, 8, 12, 18]
387: [0, 17, 14, 10, 8, 19, 18]
388: [0, 17, 14, 10, 8, 29]
389: [0, 17, 14, 10, 11, 12, 13]
390: [0, 17, 14, 10, 11, 19]
391: [0, 17, 14, 10, 13, 9]
392: [0, 17, 14, 10, 18]
393: [0, 17, 14, 15, 23, 24, 8]
394: [0, 17, 14, 15, 23, 28]
395: [0, 17, 14, 15, 34, 35]
396: [0, 17, 14, 24, 8, 12]
397: [0, 17, 14, 24, 18]
398: [0, 17, 14, 28, 12]
399: [0, 17, 14, 30]
400: [0, 17, 16, 8, 12, 13, 9, 18]
401: [0, 17, 16, 8, 12, 13, 10]
402: [0, 17, 16, 8, 12, 18, 15]
403: [0, 17, 16, 8, 12, 25]
404: [0, 17, 16, 8, 14, 9, 18]
405: [0, 17, 16, 8, 14, 10]
406: [0, 17, 16, 8, 19, 18]
407: [0, 17, 16, 8, 29]
408: [0, 17, 16, 18, 15, 23, 24]
409: [0, 17, 16, 18, 15, 34]
410: [0, 17, 16, 18, 33, 23]
411: [0, 17, 16, 18, 35]
412: [0, 17, 16, 20, 12, 13]
413: [0, 17, 16, 20, 19]
414: [0, 17, 16, 25]
415: [0, 17, 16, 26]
416: [0, 17, 19, 18, 15, 23, 24]
417: [0, 17, 19, 18, 15, 34]
418: [0, 17, 19, 18, 33, 23]
419: [0, 17, 19, 18, 35]
420: [0, 17, 19, 20, 12, 13]
421: [0, 17, 19, 20, 22]
422: [0, 17, 19, 21, 9]
423: [0, 17, 19, 25]
424: [0, 17, 22, 9, 8, 12]
425: [0, 17, 22, 9, 18]
426: [0, 17, 22, 10, 8]
427: [0, 17, 22, 15]
428: [0, 17, 29]
429: [0, 17, 32]
430: [0, 18, 15, 23, 24, 8, 12, 13, 9, 17]
431: [0, 18, 15, 23, 24, 8, 12, 13, 10]
432: [0, 18, 15, 23, 24, 8, 12, 17, 14]
433: [0, 18, 15, 23, 24, 8, 12, 25]
434: [0, 18, 15, 23, 24, 8, 14, 9, 17]
435: [0, 18, 15, 23, 24, 8, 14, 10]
436: [0, 18, 15, 23, 24, 8, 19, 20]
437: [0, 18, 15, 23, 24, 8, 29]
438: [0, 18, 15, 23, 24, 17, 12, 13, 9]
439: [0, 18, 15, 23, 24, 17, 12, 25]
440: [0, 18, 15, 23, 24, 17, 14, 9]
441: [0, 18, 15, 23, 24, 17, 16]
442: [0, 18, 15, 23, 24, 25]
443: [0, 18, 15, 23, 24, 27, 28]
444: [0, 18, 15, 23, 28, 12, 13, 9, 8]
445: [0, 18, 15, 23, 28, 12, 13, 10]
446: [0, 18, 15, 23, 28, 12, 17, 14]
447: [0, 18, 15, 23, 28, 12, 25]
448: [0, 18, 15, 23, 28, 19, 20, 12]
449: [0, 18, 15, 23, 28, 19, 21]
450: [0, 18, 15, 23, 28, 29]
451: [0, 18, 15, 23, 30, 8, 12, 13]
452: [0, 18, 15, 23, 30, 8, 14]
453: [0, 18, 15, 23, 30, 17, 12]
454: [0, 18, 15, 23, 30, 26]
455: [0, 18, 15, 23, 31, 12, 13]
456: [0, 18, 15, 23, 31, 19]
457: [0, 18, 15, 23, 33, 34]
458: [0, 18, 15, 23, 35]
459: [0, 18, 15, 34, 35, 55, 37, 45, 36]
460: [0, 18, 15, 34, 35, 55, 37, 53]
461: [0, 18, 15, 34, 35, 55, 43, 47]
462: [0, 18, 15, 34, 35, 57, 33, 23]
463: [0, 18, 15, 34, 35, 57, 36]
464: [0, 18, 15, 34, 36]
465: [0, 18, 15, 34, 37, 45, 36]
466: [0, 18, 15, 34, 37, 53]
467: [0, 18, 15, 34, 41, 49]
468: [0, 18, 15, 34, 43]
469: [0, 18, 33, 23, 24, 8, 12, 13, 9]
470: [0, 18, 33, 23, 24, 8, 12, 17]
471: [0, 18, 33, 23, 24, 8, 14, 9]
472: [0, 18, 33, 23, 24, 8, 19]
473: [0, 18, 33, 23, 24, 17, 12, 13]
474: [0, 18, 33, 23, 24, 17, 14]
475: [0, 18, 33, 23, 24, 25]
476: [0, 18, 33, 23, 24, 27]
477: [0, 18, 33, 23, 28, 12, 13, 9]
478: [0, 18, 33, 23, 28, 12, 17]
479: [0, 18, 33, 23, 28, 19, 20]
480: [0, 18, 33, 23, 28, 29]
481: [0, 18, 33, 23, 30, 8, 12]
482: [0, 18, 33, 23, 30, 17]
483: [0, 18, 33, 23, 31, 12]
484: [0, 18, 33, 23, 35]
485: [0, 18, 33, 34, 15, 23, 24, 8]
486: [0, 18, 33, 34, 15, 23, 28]
487: [0, 18, 33, 34, 35, 55, 37]
488: [0, 18, 33, 34, 35, 57]
489: [0, 18, 33, 34, 36]
490: [0, 18, 33, 34, 37]
491: [0, 18, 35, 55, 37, 45, 15, 23]
492: [0, 18, 35, 55, 37, 45, 36]
493: [0, 18, 35, 55, 37, 53, 15]
494: [0, 18, 35, 55, 43, 47, 15]
495: [0, 18, 35, 55, 43, 51]
496: [0, 18, 35, 57, 15, 23, 24]
497: [0, 18, 35, 57, 15, 34]
498: [0, 18, 35, 57, 33, 23]
499: [0, 18, 35, 57, 36]
500: [0, 18, 36]
501: [0, 18, 37, 45, 15, 23]
502: [0, 18, 37, 45, 36]
503: [0, 18, 37, 53, 15]
504: [0, 18, 40, 55, 37]
505: [0, 18, 40, 57]
506: [0, 18, 41, 49]
507: [0, 18, 43]
508: [0, 20, 12, 13, 9, 8, 14, 10, 11, 19]
509: [0, 20, 12, 13, 9, 8, 14, 10, 17]
510: [0, 20, 12, 13, 9, 8, 14, 15, 23]
511: [0, 20, 12, 13, 9, 8, 14, 24]
512: [0, 20, 12, 13, 9, 8, 19, 18, 15]
513: [0, 20, 12, 13, 9, 8, 19, 21]
514: [0, 20, 12, 13, 9, 8, 29]
515: [0, 20, 12, 13, 9, 8, 32]
516: [0, 20, 12, 13, 9, 17, 14, 10, 8]
517: [0, 20, 12, 13, 9, 17, 14, 15]
518: [0, 20, 12, 13, 9, 17, 16, 8]
519: [0, 20, 12, 13, 9, 17, 19]
520: [0, 20, 12, 13, 9, 18, 15, 23]
521: [0, 20, 12, 13, 9, 18, 33]
522: [0, 20, 12, 13, 9, 25]
523: [0, 20, 12, 13, 9, 26]
524: [0, 20, 12, 13, 10, 8, 14, 9, 17]
525: [0, 20, 12, 13, 10, 8, 14, 15]
526: [0, 20, 12, 13, 10, 8, 19, 18]
527: [0, 20, 12, 13, 10, 8, 29]
528: [0, 20, 12, 13, 10, 11, 14, 9]
529: [0, 20, 12, 13, 10, 11, 19]
530: [0, 20, 12, 13, 10, 17, 14]
531: [0, 20, 12, 13, 10, 18]
532: [0, 20, 12, 13, 15, 23, 24, 8]
533: [0, 20, 12, 13, 15, 23, 28]
534: [0, 20, 12, 13, 15, 34, 35]
535: [0, 20, 12, 13, 24, 8, 14]
536: [0, 20, 12, 13, 24, 17]
537: [0, 20, 12, 13, 28, 19]
538: [0, 20, 12, 13, 30]
539: [0, 20, 12, 17, 14, 9, 8, 19, 18]
540: [0, 20, 12, 17, 14, 9, 8, 29]
541: [0, 20, 12, 17, 14, 9, 18, 15]
542: [0, 20, 12, 17, 14, 9, 25]
543: [0, 20, 12, 17, 14, 10, 8, 19]
544: [0, 20, 12, 17, 14, 10, 11]
545: [0, 20, 12, 17, 14, 15, 23]
546: [0, 20, 12, 17, 14, 24]
547: [0, 20, 12, 17, 16, 8, 14, 9]
548: [0, 20, 12, 17, 16, 8, 19]
549: [0, 20, 12, 17, 16, 18, 15]
550: [0, 20, 12, 17, 16, 25]
551: [0, 20, 12, 17, 19, 18, 15]
552: [0, 20, 12, 17, 19, 21]
553: [0, 20, 12, 17, 22, 9]
554: [0, 20, 12, 17, 29]
555: [0, 20, 12, 18, 15, 23, 24, 8]
556: [0, 20, 12, 18, 15, 23, 28]
557: [0, 20, 12, 18, 15, 34, 35]
558: [0, 20, 12, 18, 33, 23, 24]
559: [0, 20, 12, 18, 33, 34]
560: [0, 20, 12, 18, 35, 55]
561: [0, 20, 12, 18, 36]
562: [0, 20, 12, 25]
563: [0, 20, 12, 26]
564: [0, 20, 12, 27, 24]
565: [0, 20, 19, 18, 15, 23, 24, 8, 12]
566: [0, 20, 19, 18, 15, 23, 24, 17]
567: [0, 20, 19, 18, 15, 23, 28, 12]
568: [0, 20, 19, 18, 15, 23, 30]
569: [0, 20, 19, 18, 15, 34, 35, 55]
570: [0, 20, 19, 18, 15, 34, 36]
571: [0, 20, 19, 18, 33, 23, 24, 8]
572: [0, 20, 19, 18, 33, 23, 28]
573: [0, 20, 19, 18, 33, 34, 15]
574: [0, 20, 19, 18, 35, 55, 37]
575: [0, 20, 19, 18, 35, 57]
576: [0, 20, 19, 18, 36]
577: [0, 20, 19, 18, 37]
578: [0, 20, 19, 21, 9, 8, 12, 13]
579: [0, 20, 19, 21, 9, 8, 14]
580: [0, 20, 19, 21, 9, 17, 12]
581: [0, 20, 19, 21, 9, 18]
582: [0, 20, 19, 21, 10, 8, 12]
583: [0, 20, 19, 21, 10, 11]
584: [0, 20, 19, 21, 15, 23]
585: [0, 20, 19, 21, 24]
586: [0, 20, 19, 25]
587: [0, 20, 19, 26]
588: [0, 20, 19, 27, 24]
589: [0, 20, 22, 9, 8, 12, 13, 10]
590: [0, 20, 22, 9, 8, 12, 17]
591: [0, 20, 22, 9, 8, 14, 10]
592: [0, 20, 22, 9, 8, 19]
593: [0, 20, 22, 9, 17, 12, 13]
594: [0, 20, 22, 9, 17, 14]
595: [0, 20, 22, 9, 18, 15]
596: [0, 20, 22, 9, 25]
597: [0, 20, 22, 10, 8, 12, 13]
598: [0, 20, 22, 10, 8, 14]
599: [0, 20, 22, 10, 11, 12]
600: [0, 20, 22, 10, 13]
601: [0, 20, 22, 15, 23, 24]
602: [0, 20, 22, 15, 34]
603: [0, 20, 22, 24, 8]
604: [0, 20, 22, 28]
605: [0, 20, 29]
606: [0, 20, 32]
607: [0, 21, 9, 8, 12, 13, 10, 11, 14, 15]
608: [0, 21, 9, 8, 12, 13, 10, 11, 19]
609: [0, 21, 9, 8, 12, 13, 10, 17, 14]
610: [0, 21, 9, 8, 12, 13, 10, 18]
611: [0, 21, 9, 8, 12, 13, 15, 23, 24]
612: [0, 21, 9, 8, 12, 13, 15, 34]
613: [0, 21, 9, 8, 12, 13, 24, 17]
614: [0, 21, 9, 8, 12, 13, 28]
615: [0, 21, 9, 8, 12, 17, 14, 10, 11]
616: [0, 21, 9, 8, 12, 17, 14, 15]
617: [0, 21, 9, 8, 12, 17, 16, 18]
618: [0, 21, 9, 8, 12, 17, 19]
619: [0, 21, 9, 8, 12, 18, 15, 23]
620: [0, 21, 9, 8, 12, 18, 33]
621: [0, 21, 9, 8, 12, 25]
622: [0, 21, 9, 8, 12, 26]
623: [0, 21, 9, 8, 14, 10, 11, 12, 13]
624: [0, 21, 9, 8, 14, 10, 11, 19]
625: [0, 21, 9, 8, 14, 10, 13, 15]
626: [0, 21, 9, 8, 14, 10, 17]
627: [0, 21, 9, 8, 14, 15, 23, 24]
628: [0, 21, 9, 8, 14, 15, 34]
629: [0, 21, 9, 8, 14, 24, 17]
630: [0, 21, 9, 8, 14, 28]
631: [0, 21, 9, 8, 19, 18, 15, 23]
632: [0, 21, 9, 8, 19, 18, 33]
633: [0, 21, 9, 8, 19, 20, 12]
634: [0, 21, 9, 8, 19, 25]
635: [0, 21, 9, 8, 29]
636: [0, 21, 9, 8, 32]
637: [0, 21, 9, 17, 12, 13, 10, 8, 14]
638: [0, 21, 9, 17, 12, 13, 10, 11]
639: [0, 21, 9, 17, 12, 13, 15, 23]
640: [0, 21, 9, 17, 12, 13, 24]
641: [0, 21, 9, 17, 12, 18, 15, 23]
642: [0, 21, 9, 17, 12, 18, 33]
643: [0, 21, 9, 17, 12, 25]
644: [0, 21, 9, 17, 12, 26]
645: [0, 21, 9, 17, 14, 10, 8, 12]
646: [0, 21, 9, 17, 14, 10, 11]
647: [0, 21, 9, 17, 14, 15, 23]
648: [0, 21, 9, 17, 14, 24]
649: [0, 21, 9, 17, 16, 8, 12]
650: [0, 21, 9, 17, 16, 18]
651: [0, 21, 9, 17, 19, 18]
652: [0, 21, 9, 17, 22]
653: [0, 21, 9, 18, 15, 23, 24, 8]
654: [0, 21, 9, 18, 15, 23, 28]
655: [0, 21, 9, 18, 15, 34, 35]
656: [0, 21, 9, 18, 33, 23, 24]
657: [0, 21, 9, 18, 33, 34]
658: [0, 21, 9, 18, 35, 55]
659: [0, 21, 9, 18, 36]
660: [0, 21, 9, 25]
661: [0, 21, 9, 26]
662: [0, 21, 9, 27, 24]
663: [0, 21, 10, 8, 12, 13, 9, 17, 14]
664: [0, 21, 10, 8, 12, 13, 9, 18]
665: [0, 21, 10, 8, 12, 13, 15, 23]
666: [0, 21, 10, 8, 12, 13, 24]
667: [0, 21, 10, 8, 12, 17, 14, 9]
668: [0, 21, 10, 8, 12, 17, 16]
669: [0, 21, 10, 8, 12, 18, 15]
670: [0, 21, 10, 8, 12, 25]
671: [0, 21, 10, 8, 14, 9, 17, 12]
672: [0, 21, 10, 8, 14, 9, 18]
673: [0, 21, 10, 8, 14, 15, 23]
674: [0, 21, 10, 8, 14, 24]
675: [0, 21, 10, 8, 19, 18, 15]
676: [0, 21, 10, 8, 19, 20]
677: [0, 21, 10, 8, 29]
678: [0, 21, 10, 8, 32]
679: [0, 21, 10, 11, 12, 13, 9, 8]
680: [0, 21, 10, 11, 12, 13, 15]
681: [0, 21, 10, 11, 12, 17, 14]
682: [0, 21, 10, 11, 12, 18]
683: [0, 21, 10, 11, 14, 9, 8]
684: [0, 21, 10, 11, 14, 15]
685: [0, 21, 10, 11, 19, 18]
686: [0, 21, 10, 11, 29]
687: [0, 21, 10, 13, 9, 8, 12]
688: [0, 21, 10, 13, 9, 17]
689: [0, 21, 10, 13, 15, 23]
690: [0, 21, 10, 13, 24]
691: [0, 21, 10, 17, 12, 13]
692: [0, 21, 10, 17, 14]
693: [0, 21, 10, 18, 15]
694: [0, 21, 10, 20]
695: [0, 21, 15, 23, 24, 8, 12, 13]
696: [0, 21, 15, 23, 24, 8, 14]
697: [0, 21, 15, 23, 24, 17, 12]
698: [0, 21, 15, 23, 24, 18]
699: [0, 21, 15, 23, 28, 12, 13]
700: [0, 21, 15, 23, 28, 19]
701: [0, 21, 15, 23, 30, 8]
702: [0, 21, 15, 23, 31]
703: [0, 21, 15, 34, 35, 55, 37]
704: [0, 21, 15, 34, 35, 57]
705: [0, 21, 15, 34, 36]
706: [0, 21, 15, 34, 37]
707: [0, 21, 24, 8, 12, 13, 9]
708: [0, 21, 24, 8, 12, 17]
709: [0, 21, 24, 8, 14, 9]
710: [0, 21, 24, 8, 19]
711: [0, 21, 24, 17, 12, 13]
712: [0, 21, 24, 17, 14]
713: [0, 21, 24, 18, 15]
714: [0, 21, 24, 25]
715: [0, 21, 28, 12, 13, 9]
716: [0, 21, 28, 12, 17]
717: [0, 21, 28, 19, 18]
718: [0, 21, 28, 29]
719: [0, 21, 30, 8, 12]
720: [0, 21, 30, 17]
721: [0, 21, 31, 12]
722: [0, 21, 33]
723: [0, 25]
724: [0, 26]
725: [0, 27, 24, 8, 12, 13, 9, 17, 14, 10]
726: [0, 27, 24, 8, 12, 13, 9, 17, 16]
727: [0, 27, 24, 8, 12, 13, 9, 18, 15]
728: [0, 27, 24, 8, 12, 13, 9, 25]
729: [0, 27, 24, 8, 12, 13, 10, 11, 14]
730: [0, 27, 24, 8, 12, 13, 10, 17]
731: [0, 27, 24, 8, 12, 13, 15, 23]
732: [0, 27, 24, 8, 12, 13, 28]
733: [0, 27, 24, 8, 12, 17, 14, 9, 18]
734: [0, 27, 24, 8, 12, 17, 14, 10]
735: [0, 27, 24, 8, 12, 17, 16, 18]
736: [0, 27, 24, 8, 12, 17, 19]
737: [0, 27, 24, 8, 12, 18, 15, 23]
738: [0, 27, 24, 8, 12, 18, 33]
739: [0, 27, 24, 8, 12, 25]
740: [0, 27, 24, 8, 12, 26]
741: [0, 27, 24, 8, 14, 9, 17, 12, 13]
742: [0, 27, 24, 8, 14, 9, 17, 16]
743: [0, 27, 24, 8, 14, 9, 18, 15]
744: [0, 27, 24, 8, 14, 9, 25]
745: [0, 27, 24, 8, 14, 10, 11, 12]
746: [0, 27, 24, 8, 14, 10, 13]
747: [0, 27, 24, 8, 14, 15, 23]
748: [0, 27, 24, 8, 14, 28]
749: [0, 27, 24, 8, 19, 18, 15, 23]
750: [0, 27, 24, 8, 19, 18, 33]
751: [0, 27, 24, 8, 19, 20, 12]
752: [0, 27, 24, 8, 19, 21]
753: [0, 27, 24, 8, 29]
754: [0, 27, 24, 8, 32]
755: [0, 27, 24, 17, 12, 13, 9, 8, 14]
756: [0, 27, 24, 17, 12, 13, 9, 18]
757: [0, 27, 24, 17, 12, 13, 10, 8]
758: [0, 27, 24, 17, 12, 13, 15]
759: [0, 27, 24, 17, 12, 18, 15, 23]
760: [0, 27, 24, 17, 12, 18, 33]
761: [0, 27, 24, 17, 12, 25]
762: [0, 27, 24, 17, 12, 26]
763: [0, 27, 24, 17, 14, 9, 8, 12]
764: [0, 27, 24, 17, 14, 9, 18]
765: [0, 27, 24, 17, 14, 10, 8]
766: [0, 27, 24, 17, 14, 15]
767: [0, 27, 24, 17, 16, 8, 12]
768: [0, 27, 24, 17, 16, 18]
769: [0, 27, 24, 17, 19, 18]
770: [0, 27, 24, 17, 22]
771: [0, 27, 24, 18, 15, 23, 28, 12]
772: [0, 27, 24, 18, 15, 23, 30]
773: [0, 27, 24, 18, 15, 34, 35]
774: [0, 27, 24, 18, 33, 23, 28]
775: [0, 27, 24, 18, 33, 34]
776: [0, 27, 24, 18, 35, 55]
777: [0, 27, 24, 18, 36]
778: [0, 27, 24, 25]
779: [0, 27, 28, 12, 13, 9, 8, 14, 10]
780: [0, 27, 28, 12, 13, 9, 8, 19]
781: [0, 27, 28, 12, 13, 9, 17, 14]
782: [0, 27, 28, 12, 13, 9, 18]
783: [0, 27, 28, 12, 13, 10, 8, 14]
784: [0, 27, 28, 12, 13, 10, 11]
785: [0, 27, 28, 12, 13, 15, 23]
786: [0, 27, 28, 12, 13, 24]
787: [0, 27, 28, 12, 17, 14, 9, 8]
788: [0, 27, 28, 12, 17, 14, 10]
789: [0, 27, 28, 12, 17, 16, 8]
790: [0, 27, 28, 12, 17, 19]
791: [0, 27, 28, 12, 18, 15, 23]
792: [0, 27, 28, 12, 18, 33]
793: [0, 27, 28, 12, 25]
794: [0, 27, 28, 12, 26]
795: [0, 27, 28, 19, 18, 15, 23, 24]
796: [0, 27, 28, 19, 18, 15, 34]
797: [0, 27, 28, 19, 18, 33, 23]
798: [0, 27, 28, 19, 18, 35]
799: [0, 27, 28, 19, 20, 12, 13]
800: [0, 27, 28, 19, 20, 22]
801: [0, 27, 28, 19, 21, 9]
802: [0, 27, 28, 19, 25]
803: [0, 27, 28, 29]
804: [0, 27, 30, 8, 12, 13, 9, 17]
805: [0, 27, 30, 8, 12, 13, 10]
806: [0, 27, 30, 8, 12, 17, 14]
807: [0, 27, 30, 8, 12, 18]
808: [0, 27, 30, 8, 14, 9, 17]
809: [0, 27, 30, 8, 14, 10]
810: [0, 27, 30, 8, 19, 18]
811: [0, 27, 30, 8, 29]
812: [0, 27, 30, 17, 12, 13, 9]
813: [0, 27, 30, 17, 12, 18]
814: [0, 27, 30, 17, 14, 9]
815: [0, 27, 30, 17, 16]
816: [0, 27, 30, 18, 15, 23]
817: [0, 27, 30, 18, 33]
818: [0, 27, 30, 26]
819: [0, 27, 31, 12, 13, 9, 8]
820: [0, 27, 31, 12, 13, 10]
821: [0, 27, 31, 12, 17, 14]
822: [0, 27, 31, 12, 18]
823: [0, 27, 31, 19, 18, 15]
824: [0, 27, 31, 19, 20]
825: [0, 27, 31, 32]
826: [0, 27, 33, 23, 24, 8]
827: [0, 27, 33, 23, 28]
828: [0, 27, 33, 34, 15]
829: [0, 27, 35, 55, 37]
830: [0, 27, 35, 57]
831: [0, 27, 36]
832: [0, 27, 37]
833: [1, 7, 8, 12, 13, 9, 17, 14, 10, 11]
834: [1, 7, 8, 12, 13, 9, 17, 14, 15]
835: [1, 7, 8, 12, 13, 9, 17, 16, 18]
836: [1, 7, 8, 12, 13, 9, 17, 19]
837: [1, 7, 8, 12, 13, 9, 18, 15, 23]
838: [1, 7, 8, 12, 13, 9, 18, 33]
839: [1, 7, 8, 12, 13, 9, 25]
840: [1, 7, 8, 12, 13, 9, 26]
841: [1, 7, 8, 12, 13, 10, 11, 14, 9]
842: [1, 7, 8, 12, 13, 10, 11, 19]
843: [1, 7, 8, 12, 13, 10, 17, 14]
844: [1, 7, 8, 12, 13, 10, 18]
845: [1, 7, 8, 12, 13, 15, 23, 24]
846: [1, 7, 8, 12, 13, 15, 34]
847: [1, 7, 8, 12, 13, 24, 17]
848: [1, 7, 8, 12, 13, 28]
849: [1, 7, 8, 12, 17, 14, 9, 18, 15]
850: [1, 7, 8, 12, 17, 14, 9, 25]
851: [1, 7, 8, 12, 17, 14, 10, 11]
852: [1, 7, 8, 12, 17, 14, 15]
853: [1, 7, 8, 12, 17, 16, 18, 15]
854: [1, 7, 8, 12, 17, 16, 20]
855: [1, 7, 8, 12, 17, 19, 18]
856: [1, 7, 8, 12, 17, 22]
857: [1, 7, 8, 12, 18, 15, 23, 24]
858: [1, 7, 8, 12, 18, 15, 34]
859: [1, 7, 8, 12, 18, 33, 23]
860: [1, 7, 8, 12, 18, 35]
861: [1, 7, 8, 12, 25]
862: [1, 7, 8, 12, 26]
863: [1, 7, 8, 12, 27]
864: [1, 7, 8, 14, 9, 17, 12, 13, 10]
865: [1, 7, 8, 14, 9, 17, 12, 18]
866: [1, 7, 8, 14, 9, 17, 16, 18]
867: [1, 7, 8, 14, 9, 17, 19]
868: [1, 7, 8, 14, 9, 18, 15, 23]
869: [1, 7, 8, 14, 9, 18, 33]
870: [1, 7, 8, 14, 9, 25]
871: [1, 7, 8, 14, 9, 26]
872: [1, 7, 8, 14, 10, 11, 12, 13]
873: [1, 7, 8, 14, 10, 11, 19]
874: [1, 7, 8, 14, 10, 13, 9]
875: [1, 7, 8, 14, 10, 17]
876: [1, 7, 8, 14, 15, 23, 24]
877: [1, 7, 8, 14, 15, 34]
878: [1, 7, 8, 14, 24, 17]
879: [1, 7, 8, 14, 28]
880: [1, 7, 8, 19, 18, 15, 23, 24]
881: [1, 7, 8, 19, 18, 15, 34]
882: [1, 7, 8, 19, 18, 33, 23]
883: [1, 7, 8, 19, 18, 35]
884: [1, 7, 8, 19, 20, 12, 13]
885: [1, 7, 8, 19, 20, 22]
886: [1, 7, 8, 19, 21, 9]
887: [1, 7, 8, 19, 25]
888: [1, 7, 8, 29]
889: [1, 7, 8, 32]
890: [1, 7, 11, 12, 13, 9, 8, 14, 10]
891: [1, 7, 11, 12, 13, 9, 8, 19]
892: [1, 7, 11, 12, 13, 9, 17, 14]
893: [1, 7, 11, 12, 13, 9, 18]
894: [1, 7, 11, 12, 13, 10, 8, 14]
895: [1, 7, 11, 12, 13, 10, 17]
896: [1, 7, 11, 12, 13, 15, 23]
897: [1, 7, 11, 12, 13, 24]
898: [1, 7, 11, 12, 17, 14, 9, 8]
899: [1, 7, 11, 12, 17, 14, 10]
900: [1, 7, 11, 12, 17, 16, 8]
901: [1, 7, 11, 12, 17, 19]
902: [1, 7, 11, 12, 18, 15, 23]
903: [1, 7, 11, 12, 18, 33]
904: [1, 7, 11, 12, 25]
905: [1, 7, 11, 12, 26]
906: [1, 7, 11, 14, 9, 8, 12, 13]
907: [1, 7, 11, 14, 9, 8, 19]
908: [1, 7, 11, 14, 9, 17, 12]
909: [1, 7, 11, 14, 9, 18]
910: [1, 7, 11, 14, 10, 8, 12]
911: [1, 7, 11, 14, 10, 13]
912: [1, 7, 11, 14, 15, 23]
913: [1, 7, 11, 14, 24]
914: [1, 7, 11, 19, 18, 15, 23]
915: [1, 7, 11, 19, 18, 33]
916: [1, 7, 11, 19, 20, 12]
917: [1, 7, 11, 19, 21]
918: [1, 7, 11, 29]
919: [1, 7, 11, 32]
920: [1, 7, 17, 12, 13, 9, 8, 14]
921: [1, 7, 17, 12, 13, 9, 18]
922: [1, 7, 17, 12, 13, 10, 8]
923: [1, 7, 17, 12, 13, 15]
924: [1, 7, 17, 12, 18, 15, 23]
925: [1, 7, 17, 12, 18, 33]
926: [1, 7, 17, 12, 25]
927: [1, 7, 17, 12, 26]
928: [1, 7, 17, 14, 9, 8, 12]
929: [1, 7, 17, 14, 9, 18]
930: [1, 7, 17, 14, 10, 8]
931: [1, 7, 17, 14, 15]
932: [1, 7, 17, 16, 8, 12]
933: [1, 7, 17, 16, 18]
934: [1, 7, 17, 19, 18]
935: [1, 7, 17, 22]
936: [1, 7, 18, 15, 23, 24, 8]
937: [1, 7, 18, 15, 23, 28]
938: [1, 7, 18, 15, 34, 35]
939: [1, 7, 18, 33, 23, 24]
940: [1, 7, 18, 33, 34]
941: [1, 7, 18, 35, 55]
942: [1, 7, 18, 36]
943: [1, 7, 25]
944: [1, 7, 26]
945: [1, 7, 27, 24]
946: [1, 12, 13, 9, 8, 14, 10, 11, 19, 18]
947: [1, 12, 13, 9, 8, 14, 10, 11, 29]
948: [1, 12, 13, 9, 8, 14, 10, 17, 16]
949: [1, 12, 13, 9, 8, 14, 10, 18]
950: [1, 12, 13, 9, 8, 14, 15, 23, 24]
951: [1, 12, 13, 9, 8, 14, 15, 34]
952: [1, 12, 13, 9, 8, 14, 24, 17]
953: [1, 12, 13, 9, 8, 14, 28]
954: [1, 12, 13, 9, 8, 19, 18, 15, 23]
955: [1, 12, 13, 9, 8, 19, 18, 33]
956: [1, 12, 13, 9, 8, 19, 20, 22]
957: [1, 12, 13, 9, 8, 19, 21]
958: [1, 12, 13, 9, 8, 29]
959: [1, 12, 13, 9, 8, 32]
960: [1, 12, 13, 9, 17, 14, 10, 8, 19]
961: [1, 12, 13, 9, 17, 14, 10, 11]
962: [1, 12, 13, 9, 17, 14, 15, 23]
963: [1, 12, 13, 9, 17, 14, 24]
964: [1, 12, 13, 9, 17, 16, 8, 14]
965: [1, 12, 13, 9, 17, 16, 18]
966: [1, 12, 13, 9, 17, 19, 18]
967: [1, 12, 13, 9, 17, 22]
968: [1, 12, 13, 9, 18, 15, 23, 24]
969: [1, 12, 13, 9, 18, 15, 34]
970: [1, 12, 13, 9, 18, 33, 23]
971: [1, 12, 13, 9, 18, 35]
972: [1, 12, 13, 9, 25]
973: [1, 12, 13, 9, 26]
974: [1, 12, 13, 9, 27]
975: [1, 12, 13, 10, 8, 14, 9, 17, 16]
976: [1, 12, 13, 10, 8, 14, 9, 18]
977: [1, 12, 13, 10, 8, 14, 15, 23]
978: [1, 12, 13, 10, 8, 14, 24]
979: [1, 12, 13, 10, 8, 19, 18, 15]
980: [1, 12, 13, 10, 8, 19, 20]
981: [1, 12, 13, 10, 8, 29]
982: [1, 12, 13, 10, 8, 32]
983: [1, 12, 13, 10, 11, 14, 9, 8]
984: [1, 12, 13, 10, 11, 14, 15]
985: [1, 12, 13, 10, 11, 19, 18]
986: [1, 12, 13, 10, 11, 29]
987: [1, 12, 13, 10, 17, 14, 9]
988: [1, 12, 13, 10, 17, 16]
989: [1, 12, 13, 10, 18, 15]
990: [1, 12, 13, 10, 20]
991: [1, 12, 13, 15, 23, 24, 8, 14]
992: [1, 12, 13, 15, 23, 24, 17]
993: [1, 12, 13, 15, 23, 28, 19]
994: [1, 12, 13, 15, 23, 30]
995: [1, 12, 13, 15, 34, 35, 55]
996: [1, 12, 13, 15, 34, 36]
997: [1, 12, 13, 24, 8, 14, 9]
998: [1, 12, 13, 24, 8, 19]
999: [1, 12, 13, 24, 17, 14]
1000: [1, 12, 13, 24, 18]
1001: [1, 12, 13, 28, 19, 18]
1002: [1, 12, 13, 28, 29]
1003: [1, 12, 13, 30, 8]
1004: [1, 12, 13, 31]
1005: [1, 12, 17, 14, 9, 8, 19, 18, 15]
1006: [1, 12, 17, 14, 9, 8, 19, 20]
1007: [1, 12, 17, 14, 9, 8, 29]
1008: [1, 12, 17, 14, 9, 8, 32]
1009: [1, 12, 17, 14, 9, 18, 15, 23]
1010: [1, 12, 17, 14, 9, 18, 33]
1011: [1, 12, 17, 14, 9, 25]
1012: [1, 12, 17, 14, 9, 26]
1013: [1, 12, 17, 14, 10, 8, 19, 18]
1014: [1, 12, 17, 14, 10, 8, 29]
1015: [1, 12, 17, 14, 10, 11, 19]
1016: [1, 12, 17, 14, 10, 13]
1017: [1, 12, 17, 14, 15, 23, 24]
1018: [1, 12, 17, 14, 15, 34]
1019: [1, 12, 17, 14, 24, 8]
1020: [1, 12, 17, 14, 28]
1021: [1, 12, 17, 16, 8, 14, 9, 18]
1022: [1, 12, 17, 16, 8, 14, 10]
1023: [1, 12, 17, 16, 8, 19, 18]
1024: [1, 12, 17, 16, 8, 29]
1025: [1, 12, 17, 16, 18, 15, 23]
1026: [1, 12, 17, 16, 18, 33]
1027: [1, 12, 17, 16, 20, 19]
1028: [1, 12, 17, 16, 25]
1029: [1, 12, 17, 19, 18, 15, 23]
1030: [1, 12, 17, 19, 18, 33]
1031: [1, 12, 17, 19, 20, 22]
1032: [1, 12, 17, 19, 21]
1033: [1, 12, 17, 22, 9, 8]
1034: [1, 12, 17, 22, 10]
1035: [1, 12, 17, 29]
1036: [1, 12, 17, 32]
1037: [1, 12, 18, 15, 23, 24, 8, 14]
1038: [1, 12, 18, 15, 23, 24, 17]
1039: [1, 12, 18, 15, 23, 28, 19]
1040: [1, 12, 18, 15, 23, 30]
1041: [1, 12, 18, 15, 34, 35, 55]
1042: [1, 12, 18, 15, 34, 36]
1043: [1, 12, 18, 33, 23, 24, 8]
1044: [1, 12, 18, 33, 23, 28]
1045: [1, 12, 18, 33, 34, 15]
1046: [1, 12, 18, 35, 55, 37]
1047: [1, 12, 18, 35, 57]
1048: [1, 12, 18, 36]
1049: [1, 12, 18, 37]
1050: [1, 12, 25]
1051: [1, 12, 26]
1052: [1, 12, 27, 24, 8]
1053: [1, 12, 27, 28]
1054: [1, 14, 9, 8, 12, 13, 10, 11, 19, 18]
1055: [1, 14, 9, 8, 12, 13, 10, 11, 29]
1056: [1, 14, 9, 8, 12, 13, 10, 17, 16]
1057: [1, 14, 9, 8, 12, 13, 10, 18]
1058: [1, 14, 9, 8, 12, 13, 15, 23, 24]
1059: [1, 14, 9, 8, 12, 13, 15, 34]
1060: [1, 14, 9, 8, 12, 13, 24, 17]
1061: [1, 14, 9, 8, 12, 13, 28]
1062: [1, 14, 9, 8, 12, 17, 16, 18, 15]
1063: [1, 14, 9, 8, 12, 17, 16, 20]
1064: [1, 14, 9, 8, 12, 17, 19, 18]
1065: [1, 14, 9, 8, 12, 17, 22]
1066: [1, 14, 9, 8, 12, 18, 15, 23]
1067: [1, 14, 9, 8, 12, 18, 33]
1068: [1, 14, 9, 8, 12, 25]
1069: [1, 14, 9, 8, 12, 26]
1070: [1, 14, 9, 8, 19, 18, 15, 23, 24]
1071: [1, 14, 9, 8, 19, 18, 15, 34]
1072: [1, 14, 9, 8, 19, 18, 33, 23]
1073: [1, 14, 9, 8, 19, 18, 35]
1074: [1, 14, 9, 8, 19, 20, 12, 13]
1075: [1, 14, 9, 8, 19, 20, 22]
1076: [1, 14, 9, 8, 19, 21, 10]
1077: [1, 14, 9, 8, 19, 25]
1078: [1, 14, 9, 8, 29]
1079: [1, 14, 9, 8, 32]
1080: [1, 14, 9, 17, 12, 13, 10, 8, 19]
1081: [1, 14, 9, 17, 12, 13, 10, 11]
1082: [1, 14, 9, 17, 12, 13, 15, 23]
1083: [1, 14, 9, 17, 12, 13, 24]
1084: [1, 14, 9, 17, 12, 18, 15, 23]
1085: [1, 14, 9, 17, 12, 18, 33]
1086: [1, 14, 9, 17, 12, 25]
1087: [1, 14, 9, 17, 12, 26]
1088: [1, 14, 9, 17, 16, 8, 12, 13]
1089: [1, 14, 9, 17, 16, 8, 19]
1090: [1, 14, 9, 17, 16, 18, 15]
1091: [1, 14, 9, 17, 16, 20]
1092: [1, 14, 9, 17, 19, 18, 15]
1093: [1, 14, 9, 17, 19, 20]
1094: [1, 14, 9, 17, 22, 10]
1095: [1, 14, 9, 17, 29]
1096: [1, 14, 9, 18, 15, 23, 24, 8]
1097: [1, 14, 9, 18, 15, 23, 28]
1098: [1, 14, 9, 18, 15, 34, 35]
1099: [1, 14, 9, 18, 33, 23, 24]
1100: [1, 14, 9, 18, 33, 34]
1101: [1, 14, 9, 18, 35, 55]
1102: [1, 14, 9, 18, 36]
1103: [1, 14, 9, 25]
1104: [1, 14, 9, 26]
1105: [1, 14, 9, 27, 24]
1106: [1, 14, 10, 8, 12, 13, 9, 17, 16]
1107: [1, 14, 10, 8, 12, 13, 9, 18]
1108: [1, 14, 10, 8, 12, 13, 15, 23]
1109: [1, 14, 10, 8, 12, 13, 24]
1110: [1, 14, 10, 8, 12, 17, 16, 18]
1111: [1, 14, 10, 8, 12, 17, 19]
1112: [1, 14, 10, 8, 12, 18, 15]
1113: [1, 14, 10, 8, 12, 25]
1114: [1, 14, 10, 8, 19, 18, 15, 23]
1115: [1, 14, 10, 8, 19, 18, 33]
1116: [1, 14, 10, 8, 19, 20, 12]
1117: [1, 14, 10, 8, 19, 21]
1118: [1, 14, 10, 8, 29]
1119: [1, 14, 10, 8, 32]
1120: [1, 14, 10, 11, 12, 13, 9, 8]
1121: [1, 14, 10, 11, 12, 13, 15]
1122: [1, 14, 10, 11, 12, 17, 16]
1123: [1, 14, 10, 11, 12, 18]
1124: [1, 14, 10, 11, 19, 18, 15]
1125: [1, 14, 10, 11, 19, 20]
1126: [1, 14, 10, 11, 29]
1127: [1, 14, 10, 11, 32]
1128: [1, 14, 10, 13, 9, 8, 12]
1129: [1, 14, 10, 13, 9, 17]
1130: [1, 14, 10, 13, 15, 23]
1131: [1, 14, 10, 13, 24]
1132: [1, 14, 10, 17, 12, 13]
1133: [1, 14, 10, 17, 16]
1134: [1, 14, 10, 18, 15]
1135: [1, 14, 10, 20]
1136: [1, 14, 15, 23, 24, 8, 12, 13]
1137: [1, 14, 15, 23, 24, 8, 19]
1138: [1, 14, 15, 23, 24, 17, 12]
1139: [1, 14, 15, 23, 24, 18]
1140: [1, 14, 15, 23, 28, 12, 13]
1141: [1, 14, 15, 23, 28, 19]
1142: [1, 14, 15, 23, 30, 8]
1143: [1, 14, 15, 23, 31]
1144: [1, 14, 15, 34, 35, 55, 37]
1145: [1, 14, 15, 34, 35, 57]
1146: [1, 14, 15, 34, 36]
1147: [1, 14, 15, 34, 37]
1148: [1, 14, 24, 8, 12, 13, 9]
1149: [1, 14, 24, 8, 12, 17]
1150: [1, 14, 24, 8, 19, 18]
1151: [1, 14, 24, 8, 29]
1152: [1, 14, 24, 17, 12, 13]
1153: [1, 14, 24, 17, 16]
1154: [1, 14, 24, 18, 15]
1155: [1, 14, 24, 25]
1156: [1, 14, 28, 12, 13, 9]
1157: [1, 14, 28, 12, 17]
1158: [1, 14, 28, 19, 18]
1159: [1, 14, 28, 29]
1160: [1, 14, 30, 8, 12]
1161: [1, 14, 30, 17]
1162: [1, 14, 31, 12]
1163: [1, 14, 33]
1164: [1, 16, 8, 12, 13, 9, 17, 14, 10, 11]
1165: [1, 16, 8, 12, 13, 9, 17, 14, 15]
1166: [1, 16, 8, 12, 13, 9, 17, 19, 18]
1167: [1, 16, 8, 12, 13, 9, 17, 22]
1168: [1, 16, 8, 12, 13, 9, 18, 15, 23]
1169: [1, 16, 8, 12, 13, 9, 18, 33]
1170: [1, 16, 8, 12, 13, 9, 25]
1171: [1, 16, 8, 12, 13, 9, 26]
1172: [1, 16, 8, 12, 13, 10, 11, 14, 9]
1173: [1, 16, 8, 12, 13, 10, 11, 19]
1174: [1, 16, 8, 12, 13, 10, 17, 14]
1175: [1, 16, 8, 12, 13, 10, 18]
1176: [1, 16, 8, 12, 13, 15, 23, 24]
1177: [1, 16, 8, 12, 13, 15, 34]
1178: [1, 16, 8, 12, 13, 24, 17]
1179: [1, 16, 8, 12, 13, 28]
1180: [1, 16, 8, 12, 17, 14, 9, 18, 15]
1181: [1, 16, 8, 12, 17, 14, 9, 25]
1182: [1, 16, 8, 12, 17, 14, 10, 11]
1183: [1, 16, 8, 12, 17, 14, 15]
1184: [1, 16, 8, 12, 17, 19, 18, 15]
1185: [1, 16, 8, 12, 17, 19, 20]
1186: [1, 16, 8, 12, 17, 22, 9]
1187: [1, 16, 8, 12, 17, 29]
1188: [1, 16, 8, 12, 18, 15, 23, 24]
1189: [1, 16, 8, 12, 18, 15, 34]
1190: [1, 16, 8, 12, 18, 33, 23]
1191: [1, 16, 8, 12, 18, 35]
1192: [1, 16, 8, 12, 25]
1193: [1, 16, 8, 12, 26]
1194: [1, 16, 8, 12, 27]
1195: [1, 16, 8, 14, 9, 17, 12, 13, 10]
1196: [1, 16, 8, 14, 9, 17, 12, 18]
1197: [1, 16, 8, 14, 9, 17, 19, 18]
1198: [1, 16, 8, 14, 9, 17, 22]
1199: [1, 16, 8, 14, 9, 18, 15, 23]
1200: [1, 16, 8, 14, 9, 18, 33]
1201: [1, 16, 8, 14, 9, 25]
1202: [1, 16, 8, 14, 9, 26]
1203: [1, 16, 8, 14, 10, 11, 12, 13]
1204: [1, 16, 8, 14, 10, 11, 19]
1205: [1, 16, 8, 14, 10, 13, 9]
1206: [1, 16, 8, 14, 10, 17]
1207: [1, 16, 8, 14, 15, 23, 24]
1208: [1, 16, 8, 14, 15, 34]
1209: [1, 16, 8, 14, 24, 17]
1210: [1, 16, 8, 14, 28]
1211: [1, 16, 8, 19, 18, 15, 23, 24]
1212: [1, 16, 8, 19, 18, 15, 34]
1213: [1, 16, 8, 19, 18, 33, 23]
1214: [1, 16, 8, 19, 18, 35]
1215: [1, 16, 8, 19, 20, 12, 13]
1216: [1, 16, 8, 19, 20, 22]
1217: [1, 16, 8, 19, 21, 9]
1218: [1, 16, 8, 19, 25]
1219: [1, 16, 8, 29]
1220: [1, 16, 8, 32]
1221: [1, 16, 17, 12, 13, 9, 8, 14, 10]
1222: [1, 16, 17, 12, 13, 9, 8, 19]
1223: [1, 16, 17, 12, 13, 9, 18, 15]
1224: [1, 16, 17, 12, 13, 9, 25]
1225: [1, 16, 17, 12, 13, 10, 8, 14]
1226: [1, 16, 17, 12, 13, 10, 11]
1227: [1, 16, 17, 12, 13, 15, 23]
1228: [1, 16, 17, 12, 13, 24]
1229: [1, 16, 17, 12, 18, 15, 23, 24]
1230: [1, 16, 17, 12, 18, 15, 34]
1231: [1, 16, 17, 12, 18, 33, 23]
1232: [1, 16, 17, 12, 18, 35]
1233: [1, 16, 17, 12, 25]
1234: [1, 16, 17, 12, 26]
1235: [1, 16, 17, 12, 27]
1236: [1, 16, 17, 14, 9, 8, 12, 13]
1237: [1, 16, 17, 14, 9, 8, 19]
1238: [1, 16, 17, 14, 9, 18, 15]
1239: [1, 16, 17, 14, 9, 25]
1240: [1, 16, 17, 14, 10, 8, 12]
1241: [1, 16, 17, 14, 10, 11]
1242: [1, 16, 17, 14, 15, 23]
1243: [1, 16, 17, 14, 24]
1244: [1, 16, 17, 19, 18, 15, 23]
1245: [1, 16, 17, 19, 18, 33]
1246: [1, 16, 17, 19, 20, 12]
1247: [1, 16, 17, 19, 21]
1248: [1, 16, 17, 22, 9, 8]
1249: [1, 16, 17, 22, 10]
1250: [1, 16, 17, 29]
1251: [1, 16, 17, 32]
1252: [1, 16, 18, 15, 23, 24, 8, 12]
1253: [1, 16, 18, 15, 23, 24, 17]
1254: [1, 16, 18, 15, 23, 28, 12]
1255: [1, 16, 18, 15, 23, 30]
1256: [1, 16, 18, 15, 34, 35, 55]
1257: [1, 16, 18, 15, 34, 36]
1258: [1, 16, 18, 33, 23, 24, 8]
1259: [1, 16, 18, 33, 23, 28]
1260: [1, 16, 18, 33, 34, 15]
1261: [1, 16, 18, 35, 55, 37]
1262: [1, 16, 18, 35, 57]
1263: [1, 16, 18, 36]
1264: [1, 16, 18, 37]
1265: [1, 16, 20, 12, 13, 9, 8]
1266: [1, 16, 20, 12, 13, 10]
1267: [1, 16, 20, 12, 17, 14]
1268: [1, 16, 20, 12, 18]
1269: [1, 16, 20, 19, 18, 15]
1270: [1, 16, 20, 19, 21]
1271: [1, 16, 20, 22, 9]
1272: [1, 16, 20, 29]
1273: [1, 16, 25]
1274: [1, 16, 26]
1275: [1, 16, 27, 24]
1276: [1, 19, 18, 15, 23, 24, 8, 12, 13, 9]
1277: [1, 19, 18, 15, 23, 24, 8, 12, 17]
1278: [1, 19, 18, 15, 23, 24, 8, 14, 9]
1279: [1, 19, 18, 15, 23, 24, 8, 29]
1280: [1, 19, 18, 15, 23, 24, 17, 12, 13]
1281: [1, 19, 18, 15, 23, 24, 17, 14]
1282: [1, 19, 18, 15, 23, 24, 25]
1283: [1, 19, 18, 15, 23, 24, 27]
1284: [1, 19, 18, 15, 23, 28, 12, 13, 9]
1285: [1, 19, 18, 15, 23, 28, 12, 17]
1286: [1, 19, 18, 15, 23, 28, 29]
1287: [1, 19, 18, 15, 23, 30, 8, 12]
1288: [1, 19, 18, 15, 23, 30, 17]
1289: [1, 19, 18, 15, 23, 31, 12]
1290: [1, 19, 18, 15, 23, 33]
1291: [1, 19, 18, 15, 34, 35, 55, 37, 45]
1292: [1, 19, 18, 15, 34, 35, 55, 43]
1293: [1, 19, 18, 15, 34, 35, 57, 33]
1294: [1, 19, 18, 15, 34, 36]
1295: [1, 19, 18, 15, 34, 37, 45]
1296: [1, 19, 18, 15, 34, 41]
1297: [1, 19, 18, 33, 23, 24, 8, 12, 13]
1298: [1, 19, 18, 33, 23, 24, 8, 14]
1299: [1, 19, 18, 33, 23, 24, 17, 12]
1300: [1, 19, 18, 33, 23, 24, 25]
1301: [1, 19, 18, 33, 23, 28, 12, 13]
1302: [1, 19, 18, 33, 23, 28, 29]
1303: [1, 19, 18, 33, 23, 30, 8]
1304: [1, 19, 18, 33, 23, 31]
1305: [1, 19, 18, 33, 34, 15, 23, 24]
1306: [1, 19, 18, 33, 34, 35, 55]
1307: [1, 19, 18, 33, 34, 36]
1308: [1, 19, 18, 35, 55, 37, 45, 15]
1309: [1, 19, 18, 35, 55, 37, 53]
1310: [1, 19, 18, 35, 55, 43, 47]
1311: [1, 19, 18, 35, 57, 15, 23]
1312: [1, 19, 18, 35, 57, 33]
1313: [1, 19, 18, 36]
1314: [1, 19, 18, 37, 45, 15]
1315: [1, 19, 18, 37, 53]
1316: [1, 19, 18, 40, 55]
1317: [1, 19, 18, 41]
1318: [1, 19, 20, 12, 13, 9, 8, 14, 10]
1319: [1, 19, 20, 12, 13, 9, 8, 29]
1320: [1, 19, 20, 12, 13, 9, 17, 14]
1321: [1, 19, 20, 12, 13, 9, 18]
1322: [1, 19, 20, 12, 13, 10, 8, 14]
1323: [1, 19, 20, 12, 13, 10, 11]
1324: [1, 19, 20, 12, 13, 15, 23]
1325: [1, 19, 20, 12, 13, 24]
1326: [1, 19, 20, 12, 17, 14, 9, 8]
1327: [1, 19, 20, 12, 17, 14, 10]
1328: [1, 19, 20, 12, 17, 16, 8]
1329: [1, 19, 20, 12, 17, 22]
1330: [1, 19, 20, 12, 18, 15, 23]
1331: [1, 19, 20, 12, 18, 33]
1332: [1, 19, 20, 12, 25]
1333: [1, 19, 20, 12, 26]
1334: [1, 19, 20, 22, 9, 8, 12, 13]
1335: [1, 19, 20, 22, 9, 8, 14]
1336: [1, 19, 20, 22, 9, 17, 12]
1337: [1, 19, 20, 22, 9, 18]
1338: [1, 19, 20, 22, 10, 8, 12]
1339: [1, 19, 20, 22, 10, 11]
1340: [1, 19, 20, 22, 15, 23]
1341: [1, 19, 20, 22, 24]
1342: [1, 19, 20, 29]
1343: [1, 19, 20, 32]
1344: [1, 19, 21, 9, 8, 12, 13, 10]
1345: [1, 19, 21, 9, 8, 12, 17]
1346: [1, 19, 21, 9, 8, 14, 10]
1347: [1, 19, 21, 9, 8, 29]
1348: [1, 19, 21, 9, 17, 12, 13]
1349: [1, 19, 21, 9, 17, 14]
1350: [1, 19, 21, 9, 18, 15]
1351: [1, 19, 21, 9, 25]
1352: [1, 19, 21, 10, 8, 12, 13]
1353: [1, 19, 21, 10, 8, 14]
1354: [1, 19, 21, 10, 11, 12]
1355: [1, 19, 21, 10, 13]
1356: [1, 19, 21, 15, 23, 24]
1357: [1, 19, 21, 15, 34]
1358: [1, 19, 21, 24, 8]
1359: [1, 19, 21, 28]
1360: [1, 19, 25]
1361: [1, 19, 26]
1362: [1, 19, 27, 24, 8]
1363: [1, 19, 27, 28]
1364: [1, 22, 9, 8, 12, 13, 10, 11, 14, 15]
1365: [1, 22, 9, 8, 12, 13, 10, 11, 19]
1366: [1, 22, 9, 8, 12, 13, 10, 17, 14]
1367: [1, 22, 9, 8, 12, 13, 10, 18]
1368: [1, 22, 9, 8, 12, 13, 15, 23, 24]
1369: [1, 22, 9, 8, 12, 13, 15, 34]
1370: [1, 22, 9, 8, 12, 13, 24, 17]
1371: [1, 22, 9, 8, 12, 13, 28]
1372: [1, 22, 9, 8, 12, 17, 14, 10, 11]
1373: [1, 22, 9, 8, 12, 17, 14, 15]
1374: [1, 22, 9, 8, 12, 17, 16, 18]
1375: [1, 22, 9, 8, 12, 17, 19]
1376: [1, 22, 9, 8, 12, 18, 15, 23]
1377: [1, 22, 9, 8, 12, 18, 33]
1378: [1, 22, 9, 8, 12, 25]
1379: [1, 22, 9, 8, 12, 26]
1380: [1, 22, 9, 8, 14, 10, 11, 12, 13]
1381: [1, 22, 9, 8, 14, 10, 11, 19]
1382: [1, 22, 9, 8, 14, 10, 13, 15]
1383: [1, 22, 9, 8, 14, 10, 17]
1384: [1, 22, 9, 8, 14, 15, 23, 24]
1385: [1, 22, 9, 8, 14, 15, 34]
1386: [1, 22, 9, 8, 14, 24, 17]
1387: [1, 22, 9, 8, 14, 28]
1388: [1, 22, 9, 8, 19, 18, 15, 23]
1389: [1, 22, 9, 8, 19, 18, 33]
1390: [1, 22, 9, 8, 19, 20, 12]
1391: [1, 22, 9, 8, 19, 21]
1392: [1, 22, 9, 8, 29]
1393: [1, 22, 9, 8, 32]
1394: [1, 22, 9, 17, 12, 13, 10, 8, 14]
1395: [1, 22, 9, 17, 12, 13, 10, 11]
1396: [1, 22, 9, 17, 12, 13, 15, 23]
1397: [1, 22, 9, 17, 12, 13, 24]
1398: [1, 22, 9, 17, 12, 18, 15, 23]
1399: [1, 22, 9, 17, 12, 18, 33]
1400: [1, 22, 9, 17, 12, 25]
1401: [1, 22, 9, 17, 12, 26]
1402: [1, 22, 9, 17, 14, 10, 8, 12]
1403: [1, 22, 9, 17, 14, 10, 11]
1404: [1, 22, 9, 17, 14, 15, 23]
1405: [1, 22, 9, 17, 14, 24]
1406: [1, 22, 9, 17, 16, 8, 12]
1407: [1, 22, 9, 17, 16, 18]
1408: [1, 22, 9, 17, 19, 18]
1409: [1, 22, 9, 17, 29]
1410: [1, 22, 9, 18, 15, 23, 24, 8]
1411: [1, 22, 9, 18, 15, 23, 28]
1412: [1, 22, 9, 18, 15, 34, 35]
1413: [1, 22, 9, 18, 33, 23, 24]
1414: [1, 22, 9, 18, 33, 34]
1415: [1, 22, 9, 18, 35, 55]
1416: [1, 22, 9, 18, 36]
1417: [1, 22, 9, 25]
1418: [1, 22, 9, 26]
1419: [1, 22, 9, 27, 24]
1420: [1, 22, 10, 8, 12, 13, 9, 17, 14]
1421: [1, 22, 10, 8, 12, 13, 9, 18]
1422: [1, 22, 10, 8, 12, 13, 15, 23]
1423: [1, 22, 10, 8, 12, 13, 24]
1424: [1, 22, 10, 8, 12, 17, 14, 9]
1425: [1, 22, 10, 8, 12, 17, 16]
1426: [1, 22, 10, 8, 12, 18, 15]
1427: [1, 22, 10, 8, 12, 25]
1428: [1, 22, 10, 8, 14, 9, 17, 12]
1429: [1, 22, 10, 8, 14, 9, 18]
1430: [1, 22, 10, 8, 14, 15, 23]
1431: [1, 22, 10, 8, 14, 24]
1432: [1, 22, 10, 8, 19, 18, 15]
1433: [1, 22, 10, 8, 19, 20]
1434: [1, 22, 10, 8, 29]
1435: [1, 22, 10, 8, 32]
1436: [1, 22, 10, 11, 12, 13, 9, 8]
1437: [1, 22, 10, 11, 12, 13, 15]
1438: [1, 22, 10, 11, 12, 17, 14]
1439: [1, 22, 10, 11, 12, 18]
1440: [1, 22, 10, 11, 14, 9, 8]
1441: [1, 22, 10, 11, 14, 15]
1442: [1, 22, 10, 11, 19, 18]
1443: [1, 22, 10, 11, 29]
1444: [1, 22, 10, 13, 9, 8, 12]
1445: [1, 22, 10, 13, 9, 17]
1446: [1, 22, 10, 13, 15, 23]
1447: [1, 22, 10, 13, 24]
1448: [1, 22, 10, 17, 12, 13]
1449: [1, 22, 10, 17, 14]
1450: [1, 22, 10, 18, 15]
1451: [1, 22, 10, 20]
1452: [1, 22, 15, 23, 24, 8, 12, 13]
1453: [1, 22, 15, 23, 24, 8, 14]
1454: [1, 22, 15, 23, 24, 17, 12]
1455: [1, 22, 15, 23, 24, 18]
1456: [1, 22, 15, 23, 28, 12, 13]
1457: [1, 22, 15, 23, 28, 19]
1458: [1, 22, 15, 23, 30, 8]
1459: [1, 22, 15, 23, 31]
1460: [1, 22, 15, 34, 35, 55, 37]
1461: [1, 22, 15, 34, 35, 57]
1462: [1, 22, 15, 34, 36]
1463: [1, 22, 15, 34, 37]
1464: [1, 22, 24, 8, 12, 13, 9]
1465: [1, 22, 24, 8, 12, 17]
1466: [1, 22, 24, 8, 14, 9]
1467: [1, 22, 24, 8, 19]
1468: [1, 22, 24, 17, 12, 13]
1469: [1, 22, 24, 17, 14]
1470: [1, 22, 24, 18, 15]
1471: [1, 22, 24, 25]
1472: [1, 22, 28, 12, 13, 9]
1473: [1, 22, 28, 12, 17]
1474: [1, 22, 28, 19, 18]
1475: [1, 22, 28, 29]
1476: [1, 22, 30, 8, 12]
1477: [1, 22, 30, 17]
1478: [1, 22, 31, 12]
1479: [1, 22, 33]
1480: [1, 29]
1481: [1, 32]
