1: [4, 9, 8, 12, 17, 19, 18, 35]
2: [4, 9, 8, 12, 17, 19, 18, 37]
3: [4, 9, 8, 12, 17, 19, 18, 46, 47, 35]
4: [4, 9, 8, 12, 17, 19, 18, 46, 51]
5: [4, 9, 8, 12, 17, 19, 18, 50, 47]
6: [4, 9, 8, 12, 17, 19, 27, 35]
7: [4, 9, 8, 12, 17, 19, 27, 37]
8: [4, 9, 8, 12, 17, 19, 27, 40]
9: [4, 9, 8, 12, 17, 19, 27, 41]
10: [4, 9, 8, 12, 18, 35]
11: [4, 9, 8, 12, 18, 37]
12: [4, 9, 8, 12, 18, 46, 47, 35]
13: [4, 9, 8, 12, 18, 46, 47, 37]
14: [4, 9, 8, 12, 18, 46, 51, 35]
15: [4, 9, 8, 12, 18, 50, 47, 35]
16: [4, 9, 8, 12, 18, 50, 51]
17: [4, 9, 8, 12, 27, 35]
18: [4, 9, 8, 12, 27, 37]
19: [4, 9, 8, 12, 27, 40]
20: [4, 9, 8, 12, 27, 41]
21: [4, 9, 8, 12, 27, 46]
22: [4, 9, 8, 19, 18, 35]
23: [4, 9, 8, 19, 18, 37]
24: [4, 9, 8, 19, 18, 46, 47, 35]
25: [4, 9, 8, 19, 18, 46, 47, 37]
26: [4, 9, 8, 19, 18, 46, 51, 35]
27: [4, 9, 8, 19, 18, 50, 47, 35]
28: [4, 9, 8, 19, 18, 50, 51]
29: [4, 9, 8, 19, 27, 35]
30: [4, 9, 8, 19, 27, 37]
31: [4, 9, 8, 19, 27, 40]
32: [4, 9, 8, 19, 27, 41]
33: [4, 9, 8, 19, 27, 46]
34: [4, 9, 17, 12, 18, 35]
35: [4, 9, 17, 12, 18, 37]
36: [4, 9, 17, 12, 18, 46, 47, 35]
37: [4, 9, 17, 12, 18, 46, 47, 37]
38: [4, 9, 17, 12, 18, 46, 51, 35]
39: [4, 9, 17, 12, 18, 50, 47, 35]
40: [4, 9, 17, 12, 18, 50, 51]
41: [4, 9, 17, 12, 27, 35]
42: [4, 9, 17, 12, 27, 37]
43: [4, 9, 17, 12, 27, 40]
44: [4, 9, 17, 12, 27, 41]
45: [4, 9, 17, 12, 27, 46]
46: [4, 9, 17, 19, 8, 12, 18, 35]
47: [4, 9, 17, 19, 8, 12, 18, 37]
48: [4, 9, 17, 19, 8, 12, 18, 46]
49: [4, 9, 17, 19, 8, 12, 27, 35]
50: [4, 9, 17, 19, 8, 12, 27, 37]
51: [4, 9, 17, 19, 18, 35]
52: [4, 9, 17, 19, 18, 37]
53: [4, 9, 17, 19, 18, 46, 47]
54: [4, 9, 17, 19, 18, 50]
55: [4, 9, 17, 19, 27, 35]
56: [4, 9, 17, 19, 27, 37]
57: [4, 9, 17, 19, 27, 40]
58: [4, 9, 18, 35]
59: [4, 9, 18, 37]
60: [4, 9, 18, 46, 47, 35]
61: [4, 9, 18, 46, 47, 37]
62: [4, 9, 18, 46, 47, 40]
63: [4, 9, 18, 46, 51, 35]
64: [4, 9, 18, 50, 47, 35]
65: [4, 9, 18, 50, 47, 37]
66: [4, 9, 18, 50, 51, 35]
67: [4, 9, 27, 35]
68: [4, 9, 27, 37]
69: [4, 9, 27, 40]
70: [4, 9, 27, 41]
71: [4, 9, 27, 46, 47]
72: [4, 9, 27, 50]
73: [4, 10, 8, 12, 17, 19, 18, 35]
74: [4, 10, 8, 12, 17, 19, 18, 37]
75: [4, 10, 8, 12, 17, 19, 18, 46, 47, 35]
76: [4, 10, 8, 12, 17, 19, 18, 46, 51]
77: [4, 10, 8, 12, 17, 19, 18, 50, 47]
78: [4, 10, 8, 12, 17, 19, 27, 35]
79: [4, 10, 8, 12, 17, 19, 27, 37]
80: [4, 10, 8, 12, 17, 19, 27, 40]
81: [4, 10, 8, 12, 17, 19, 27, 41]
82: [4, 10, 8, 12, 18, 35]
83: [4, 10, 8, 12, 18, 37]
84: [4, 10, 8, 12, 18, 46, 47, 35]
85: [4, 10, 8, 12, 18, 46, 47, 37]
86: [4, 10, 8, 12, 18, 46, 51, 35]
87: [4, 10, 8, 12, 18, 50, 47, 35]
88: [4, 10, 8, 12, 18, 50, 51]
89: [4, 10, 8, 12, 27, 35]
90: [4, 10, 8, 12, 27, 37]
91: [4, 10, 8, 12, 27, 40]
92: [4, 10, 8, 12, 27, 41]
93: [4, 10, 8, 12, 27, 46]
94: [4, 10, 8, 19, 18, 35]
95: [4, 10, 8, 19, 18, 37]
96: [4, 10, 8, 19, 18, 46, 47, 35]
97: [4, 10, 8, 19, 18, 46, 47, 37]
98: [4, 10, 8, 19, 18, 46, 51, 35]
99: [4, 10, 8, 19, 18, 50, 47, 35]
100: [4, 10, 8, 19, 18, 50, 51]
101: [4, 10, 8, 19, 27, 35]
102: [4, 10, 8, 19, 27, 37]
103: [4, 10, 8, 19, 27, 40]
104: [4, 10, 8, 19, 27, 41]
105: [4, 10, 8, 19, 27, 46]
106: [4, 10, 17, 12, 18, 35]
107: [4, 10, 17, 12, 18, 37]
108: [4, 10, 17, 12, 18, 46, 47, 35]
109: [4, 10, 17, 12, 18, 46, 47, 37]
110: [4, 10, 17, 12, 18, 46, 51, 35]
111: [4, 10, 17, 12, 18, 50, 47, 35]
112: [4, 10, 17, 12, 18, 50, 51]
113: [4, 10, 17, 12, 27, 35]
114: [4, 10, 17, 12, 27, 37]
115: [4, 10, 17, 12, 27, 40]
116: [4, 10, 17, 12, 27, 41]
117: [4, 10, 17, 12, 27, 46]
118: [4, 10, 17, 19, 8, 12, 18, 35]
119: [4, 10, 17, 19, 8, 12, 18, 37]
120: [4, 10, 17, 19, 8, 12, 18, 46]
121: [4, 10, 17, 19, 8, 12, 27, 35]
122: [4, 10, 17, 19, 8, 12, 27, 37]
123: [4, 10, 17, 19, 18, 35]
124: [4, 10, 17, 19, 18, 37]
125: [4, 10, 17, 19, 18, 46, 47]
126: [4, 10, 17, 19, 18, 50]
127: [4, 10, 17, 19, 27, 35]
128: [4, 10, 17, 19, 27, 37]
129: [4, 10, 17, 19, 27, 40]
130: [4, 10, 18, 35]
131: [4, 10, 18, 37]
132: [4, 10, 18, 46, 47, 35]
133: [4, 10, 18, 46, 47, 37]
134: [4, 10, 18, 46, 47, 40]
135: [4, 10, 18, 46, 51, 35]
136: [4, 10, 18, 50, 47, 35]
137: [4, 10, 18, 50, 47, 37]
138: [4, 10, 18, 50, 51, 35]
139: [4, 10, 27, 35]
140: [4, 10, 27, 37]
141: [4, 10, 27, 40]
142: [4, 10, 27, 41]
143: [4, 10, 27, 46, 47]
144: [4, 10, 27, 50]
145: [4, 35]
146: [4, 37]
147: [4, 40]
148: [4, 41]
149: [4, 46, 47, 35]
150: [4, 46, 47, 37]
151: [4, 46, 47, 40]
152: [4, 46, 47, 41]
153: [4, 46, 47, 50, 51, 35]
154: [4, 46, 51, 35]
155: [4, 50, 47, 35]
156: [4, 50, 47, 37]
157: [4, 50, 47, 40]
158: [4, 50, 47, 41]
159: [4, 50, 51, 35]
160: [4, 50, 51, 46, 47, 35]
161: [4, 50, 51, 46, 47, 37]
162: [4, 50, 51, 46, 47, 40]
163: [4, 50, 51, 46, 47, 41]
164: [6, 10, 8, 12, 17, 19, 18, 35]
165: [6, 10, 8, 12, 17, 19, 18, 37]
166: [6, 10, 8, 12, 17, 19, 18, 46, 47, 35]
167: [6, 10, 8, 12, 17, 19, 18, 46, 51]
168: [6, 10, 8, 12, 17, 19, 18, 50, 47]
169: [6, 10, 8, 12, 17, 19, 27, 35]
170: [6, 10, 8, 12, 17, 19, 27, 37]
171: [6, 10, 8, 12, 17, 19, 27, 40]
172: [6, 10, 8, 12, 17, 19, 27, 41]
173: [6, 10, 8, 12, 18, 35]
174: [6, 10, 8, 12, 18, 37]
175: [6, 10, 8, 12, 18, 46, 47, 35]
176: [6, 10, 8, 12, 18, 46, 47, 37]
177: [6, 10, 8, 12, 18, 46, 51, 35]
178: [6, 10, 8, 12, 18, 50, 47, 35]
179: [6, 10, 8, 12, 18, 50, 51]
180: [6, 10, 8, 12, 27, 35]
181: [6, 10, 8, 12, 27, 37]
182: [6, 10, 8, 12, 27, 40]
183: [6, 10, 8, 12, 27, 41]
184: [6, 10, 8, 12, 27, 46]
185: [6, 10, 8, 19, 18, 35]
186: [6, 10, 8, 19, 18, 37]
187: [6, 10, 8, 19, 18, 46, 47, 35]
188: [6, 10, 8, 19, 18, 46, 47, 37]
189: [6, 10, 8, 19, 18, 46, 51, 35]
190: [6, 10, 8, 19, 18, 50, 47, 35]
191: [6, 10, 8, 19, 18, 50, 51]
192: [6, 10, 8, 19, 27, 35]
193: [6, 10, 8, 19, 27, 37]
194: [6, 10, 8, 19, 27, 40]
195: [6, 10, 8, 19, 27, 41]
196: [6, 10, 8, 19, 27, 46]
197: [6, 10, 17, 12, 18, 35]
198: [6, 10, 17, 12, 18, 37]
199: [6, 10, 17, 12, 18, 46, 47, 35]
200: [6, 10, 17, 12, 18, 46, 47, 37]
201: [6, 10, 17, 12, 18, 46, 51, 35]
202: [6, 10, 17, 12, 18, 50, 47, 35]
203: [6, 10, 17, 12, 18, 50, 51]
204: [6, 10, 17, 12, 27, 35]
205: [6, 10, 17, 12, 27, 37]
206: [6, 10, 17, 12, 27, 40]
207: [6, 10, 17, 12, 27, 41]
208: [6, 10, 17, 12, 27, 46]
209: [6, 10, 17, 19, 8, 12, 18, 35]
210: [6, 10, 17, 19, 8, 12, 18, 37]
211: [6, 10, 17, 19, 8, 12, 18, 46]
212: [6, 10, 17, 19, 8, 12, 27, 35]
213: [6, 10, 17, 19, 8, 12, 27, 37]
214: [6, 10, 17, 19, 18, 35]
215: [6, 10, 17, 19, 18, 37]
216: [6, 10, 17, 19, 18, 46, 47]
217: [6, 10, 17, 19, 18, 50]
218: [6, 10, 17, 19, 27, 35]
219: [6, 10, 17, 19, 27, 37]
220: [6, 10, 17, 19, 27, 40]
221: [6, 10, 18, 35]
222: [6, 10, 18, 37]
223: [6, 10, 18, 46, 47, 35]
224: [6, 10, 18, 46, 47, 37]
225: [6, 10, 18, 46, 47, 40]
226: [6, 10, 18, 46, 51, 35]
227: [6, 10, 18, 50, 47, 35]
228: [6, 10, 18, 50, 47, 37]
229: [6, 10, 18, 50, 51, 35]
230: [6, 10, 27, 35]
231: [6, 10, 27, 37]
232: [6, 10, 27, 40]
233: [6, 10, 27, 41]
234: [6, 10, 27, 46, 47]
235: [6, 10, 27, 50]
236: [6, 35]
237: [6, 37]
238: [6, 40]
239: [6, 41]
240: [6, 46, 47, 35]
241: [6, 46, 47, 37]
242: [6, 46, 47, 40]
243: [6, 46, 47, 41]
244: [6, 46, 47, 50, 51, 35]
245: [6, 46, 51, 35]
246: [6, 50, 47, 35]
247: [6, 50, 47, 37]
248: [6, 50, 47, 40]
249: [6, 50, 47, 41]
250: [6, 50, 51, 35]
251: [6, 50, 51, 46, 47, 35]
252: [6, 50, 51, 46, 47, 37]
253: [6, 50, 51, 46, 47, 40]
254: [6, 50, 51, 46, 47, 41]
255: [38, 9, 8, 12, 17, 19, 18, 35]
256: [38, 9, 8, 12, 17, 19, 18, 37]
257: [38, 9, 8, 12, 17, 19, 18, 46, 47, 35]
258: [38, 9, 8, 12, 17, 19, 18, 46, 51]
259: [38, 9, 8, 12, 17, 19, 18, 50, 47]
260: [38, 9, 8, 12, 17, 19, 27, 35]
261: [38, 9, 8, 12, 17, 19, 27, 37]
262: [38, 9, 8, 12, 17, 19, 27, 40]
263: [38, 9, 8, 12, 17, 19, 27, 41]
264: [38, 9, 8, 12, 18, 35]
265: [38, 9, 8, 12, 18, 37]
266: [38, 9, 8, 12, 18, 46, 47, 35]
267: [38, 9, 8, 12, 18, 46, 47, 37]
268: [38, 9, 8, 12, 18, 46, 51, 35]
269: [38, 9, 8, 12, 18, 50, 47, 35]
270: [38, 9, 8, 12, 18, 50, 51]
271: [38, 9, 8, 12, 27, 35]
272: [38, 9, 8, 12, 27, 37]
273: [38, 9, 8, 12, 27, 40]
274: [38, 9, 8, 12, 27, 41]
275: [38, 9, 8, 12, 27, 46]
276: [38, 9, 8, 19, 18, 35]
277: [38, 9, 8, 19, 18, 37]
278: [38, 9, 8, 19, 18, 46, 47, 35]
279: [38, 9, 8, 19, 18, 46, 47, 37]
280: [38, 9, 8, 19, 18, 46, 51, 35]
281: [38, 9, 8, 19, 18, 50, 47, 35]
282: [38, 9, 8, 19, 18, 50, 51]
283: [38, 9, 8, 19, 27, 35]
284: [38, 9, 8, 19, 27, 37]
285: [38, 9, 8, 19, 27, 40]
286: [38, 9, 8, 19, 27, 41]
287: [38, 9, 8, 19, 27, 46]
288: [38, 9, 17, 12, 18, 35]
289: [38, 9, 17, 12, 18, 37]
290: [38, 9, 17, 12, 18, 46, 47, 35]
291: [38, 9, 17, 12, 18, 46, 47, 37]
292: [38, 9, 17, 12, 18, 46, 51, 35]
293: [38, 9, 17, 12, 18, 50, 47, 35]
294: [38, 9, 17, 12, 18, 50, 51]
295: [38, 9, 17, 12, 27, 35]
296: [38, 9, 17, 12, 27, 37]
297: [38, 9, 17, 12, 27, 40]
298: [38, 9, 17, 12, 27, 41]
299: [38, 9, 17, 12, 27, 46]
300: [38, 9, 17, 19, 8, 12, 18, 35]
301: [38, 9, 17, 19, 8, 12, 18, 37]
302: [38, 9, 17, 19, 8, 12, 18, 46]
303: [38, 9, 17, 19, 8, 12, 27, 35]
304: [38, 9, 17, 19, 8, 12, 27, 37]
305: [38, 9, 17, 19, 18, 35]
306: [38, 9, 17, 19, 18, 37]
307: [38, 9, 17, 19, 18, 46, 47]
308: [38, 9, 17, 19, 18, 50]
309: [38, 9, 17, 19, 27, 35]
310: [38, 9, 17, 19, 27, 37]
311: [38, 9, 17, 19, 27, 40]
312: [38, 9, 18, 35]
313: [38, 9, 18, 37]
314: [38, 9, 18, 46, 47, 35]
315: [38, 9, 18, 46, 47, 37]
316: [38, 9, 18, 46, 47, 40]
317: [38, 9, 18, 46, 51, 35]
318: [38, 9, 18, 50, 47, 35]
319: [38, 9, 18, 50, 47, 37]
320: [38, 9, 18, 50, 51, 35]
321: [38, 9, 27, 35]
322: [38, 9, 27, 37]
323: [38, 9, 27, 40]
324: [38, 9, 27, 41]
325: [38, 9, 27, 46, 47]
326: [38, 9, 27, 50]
327: [38, 10, 8, 12, 17, 19, 18, 35]
328: [38, 10, 8, 12, 17, 19, 18, 37]
329: [38, 10, 8, 12, 17, 19, 18, 46, 47, 35]
330: [38, 10, 8, 12, 17, 19, 18, 46, 51]
331: [38, 10, 8, 12, 17, 19, 18, 50, 47]
332: [38, 10, 8, 12, 17, 19, 27, 35]
333: [38, 10, 8, 12, 17, 19, 27, 37]
334: [38, 10, 8, 12, 17, 19, 27, 40]
335: [38, 10, 8, 12, 17, 19, 27, 41]
336: [38, 10, 8, 12, 18, 35]
337: [38, 10, 8, 12, 18, 37]
338: [38, 10, 8, 12, 18, 46, 47, 35]
339: [38, 10, 8, 12, 18, 46, 47, 37]
340: [38, 10, 8, 12, 18, 46, 51, 35]
341: [38, 10, 8, 12, 18, 50, 47, 35]
342: [38, 10, 8, 12, 18, 50, 51]
343: [38, 10, 8, 12, 27, 35]
344: [38, 10, 8, 12, 27, 37]
345: [38, 10, 8, 12, 27, 40]
346: [38, 10, 8, 12, 27, 41]
347: [38, 10, 8, 12, 27, 46]
348: [38, 10, 8, 19, 18, 35]
349: [38, 10, 8, 19, 18, 37]
350: [38, 10, 8, 19, 18, 46, 47, 35]
351: [38, 10, 8, 19, 18, 46, 47, 37]
352: [38, 10, 8, 19, 18, 46, 51, 35]
353: [38, 10, 8, 19, 18, 50, 47, 35]
354: [38, 10, 8, 19, 18, 50, 51]
355: [38, 10, 8, 19, 27, 35]
356: [38, 10, 8, 19, 27, 37]
357: [38, 10, 8, 19, 27, 40]
358: [38, 10, 8, 19, 27, 41]
359: [38, 10, 8, 19, 27, 46]
360: [38, 10, 17, 12, 18, 35]
361: [38, 10, 17, 12, 18, 37]
362: [38, 10, 17, 12, 18, 46, 47, 35]
363: [38, 10, 17, 12, 18, 46, 47, 37]
364: [38, 10, 17, 12, 18, 46, 51, 35]
365: [38, 10, 17, 12, 18, 50, 47, 35]
366: [38, 10, 17, 12, 18, 50, 51]
367: [38, 10, 17, 12, 27, 35]
368: [38, 10, 17, 12, 27, 37]
369: [38, 10, 17, 12, 27, 40]
370: [38, 10, 17, 12, 27, 41]
371: [38, 10, 17, 12, 27, 46]
372: [38, 10, 17, 19, 8, 12, 18, 35]
373: [38, 10, 17, 19, 8, 12, 18, 37]
374: [38, 10, 17, 19, 8, 12, 18, 46]
375: [38, 10, 17, 19, 8, 12, 27, 35]
376: [38, 10, 17, 19, 8, 12, 27, 37]
377: [38, 10, 17, 19, 18, 35]
378: [38, 10, 17, 19, 18, 37]
379: [38, 10, 17, 19, 18, 46, 47]
380: [38, 10, 17, 19, 18, 50]
381: [38, 10, 17, 19, 27, 35]
382: [38, 10, 17, 19, 27, 37]
383: [38, 10, 17, 19, 27, 40]
384: [38, 10, 18, 35]
385: [38, 10, 18, 37]
386: [38, 10, 18, 46, 47, 35]
387: [38, 10, 18, 46, 47, 37]
388: [38, 10, 18, 46, 47, 40]
389: [38, 10, 18, 46, 51, 35]
390: [38, 10, 18, 50, 47, 35]
391: [38, 10, 18, 50, 47, 37]
392: [38, 10, 18, 50, 51, 35]
393: [38, 10, 27, 35]
394: [38, 10, 27, 37]
395: [38, 10, 27, 40]
396: [38, 10, 27, 41]
397: [38, 10, 27, 46, 47]
398: [38, 10, 27, 50]
399: [38, 35]
400: [38, 37]
401: [38, 40]
402: [38, 41]
403: [38, 46, 47, 35]
404: [38, 46, 47, 37]
405: [38, 46, 47, 40]
406: [38, 46, 47, 41]
407: [38, 46, 47, 50, 51, 35]
408: [38, 46, 51, 35]
409: [38, 50, 47, 35]
410: [38, 50, 47, 37]
411: [38, 50, 47, 40]
412: [38, 50, 47, 41]
413: [38, 50, 51, 35]
414: [38, 50, 51, 46, 47, 35]
415: [38, 50, 51, 46, 47, 37]
416: [38, 50, 51, 46, 47, 40]
417: [38, 50, 51, 46, 47, 41]
