1: [4, 9, 8, 12, 18, 35]
2: [4, 9, 8, 12, 18, 36]
3: [4, 9, 8, 12, 18, 43]
4: [4, 9, 8, 12, 18, 44, 45, 35]
5: [4, 9, 8, 12, 18, 44, 45, 36]
6: [4, 9, 8, 12, 18, 52, 53, 35]
7: [4, 9, 17, 19, 27, 35]
8: [4, 9, 17, 19, 27, 36]
9: [4, 9, 17, 19, 27, 43]
10: [4, 9, 17, 19, 27, 52, 53, 35]
11: [4, 9, 18, 35]
12: [4, 9, 18, 36]
13: [4, 9, 18, 43]
14: [4, 9, 18, 44, 45, 35]
15: [4, 9, 18, 44, 45, 36]
16: [4, 9, 18, 52, 53, 35]
17: [4, 9, 27, 35]
18: [4, 9, 27, 36]
19: [4, 9, 27, 43]
20: [4, 9, 27, 52, 53, 35]
21: [4, 10, 8, 12, 18, 35]
22: [4, 10, 8, 12, 18, 36]
23: [4, 10, 8, 12, 18, 43]
24: [4, 10, 8, 12, 18, 44, 45, 35]
25: [4, 10, 8, 12, 18, 44, 45, 36]
26: [4, 10, 8, 12, 18, 52, 53, 35]
27: [4, 10, 17, 19, 27, 35]
28: [4, 10, 17, 19, 27, 36]
29: [4, 10, 17, 19, 27, 43]
30: [4, 10, 17, 19, 27, 52, 53, 35]
31: [4, 10, 18, 35]
32: [4, 10, 18, 36]
33: [4, 10, 18, 43]
34: [4, 10, 18, 44, 45, 35]
35: [4, 10, 18, 44, 45, 36]
36: [4, 10, 18, 52, 53, 35]
37: [4, 10, 27, 35]
38: [4, 10, 27, 36]
39: [4, 10, 27, 43]
40: [4, 10, 27, 52, 53, 35]
41: [4, 35]
42: [4, 36]
43: [4, 43]
44: [4, 44, 45, 35]
45: [4, 44, 45, 36]
46: [4, 52, 53, 35]
47: [4, 52, 53, 43]
48: [5, 9, 8, 12, 18, 35]
49: [5, 9, 8, 12, 18, 36]
50: [5, 9, 8, 12, 18, 43]
51: [5, 9, 8, 12, 18, 44, 45, 35]
52: [5, 9, 8, 12, 18, 44, 45, 36]
53: [5, 9, 8, 12, 18, 52, 53, 35]
54: [5, 9, 17, 19, 27, 35]
55: [5, 9, 17, 19, 27, 36]
56: [5, 9, 17, 19, 27, 43]
57: [5, 9, 17, 19, 27, 52, 53, 35]
58: [5, 9, 18, 35]
59: [5, 9, 18, 36]
60: [5, 9, 18, 43]
61: [5, 9, 18, 44, 45, 35]
62: [5, 9, 18, 44, 45, 36]
63: [5, 9, 18, 52, 53, 35]
64: [5, 9, 27, 35]
65: [5, 9, 27, 36]
66: [5, 9, 27, 43]
67: [5, 9, 27, 52, 53, 35]
68: [5, 10, 8, 12, 18, 35]
69: [5, 10, 8, 12, 18, 36]
70: [5, 10, 8, 12, 18, 43]
71: [5, 10, 8, 12, 18, 44, 45, 35]
72: [5, 10, 8, 12, 18, 44, 45, 36]
73: [5, 10, 8, 12, 18, 52, 53, 35]
74: [5, 10, 17, 19, 27, 35]
75: [5, 10, 17, 19, 27, 36]
76: [5, 10, 17, 19, 27, 43]
77: [5, 10, 17, 19, 27, 52, 53, 35]
78: [5, 10, 18, 35]
79: [5, 10, 18, 36]
80: [5, 10, 18, 43]
81: [5, 10, 18, 44, 45, 35]
82: [5, 10, 18, 44, 45, 36]
83: [5, 10, 18, 52, 53, 35]
84: [5, 10, 27, 35]
85: [5, 10, 27, 36]
86: [5, 10, 27, 43]
87: [5, 10, 27, 52, 53, 35]
88: [5, 35]
89: [5, 36]
90: [5, 43]
91: [5, 44, 45, 35]
92: [5, 44, 45, 36]
93: [5, 52, 53, 35]
94: [5, 52, 53, 43]
95: [42, 10, 8, 12, 18, 35]
96: [42, 10, 8, 12, 18, 36]
97: [42, 10, 8, 12, 18, 43]
98: [42, 10, 8, 12, 18, 44, 45, 35]
99: [42, 10, 8, 12, 18, 44, 45, 36]
100: [42, 10, 8, 12, 18, 52, 53, 35]
101: [42, 10, 17, 19, 27, 35]
102: [42, 10, 17, 19, 27, 36]
103: [42, 10, 17, 19, 27, 43]
104: [42, 10, 17, 19, 27, 52, 53, 35]
105: [42, 10, 18, 35]
106: [42, 10, 18, 36]
107: [42, 10, 18, 43]
108: [42, 10, 18, 44, 45, 35]
109: [42, 10, 18, 44, 45, 36]
110: [42, 10, 18, 52, 53, 35]
111: [42, 10, 27, 35]
112: [42, 10, 27, 36]
113: [42, 10, 27, 43]
114: [42, 10, 27, 52, 53, 35]
115: [42, 35]
116: [42, 36]
117: [42, 43]
118: [42, 44, 45, 35]
119: [42, 44, 45, 36]
120: [42, 52, 53, 35]
121: [42, 52, 53, 43]
